# t09572g430x+000m0                                           
# 1024910522.kgf                                              
# data\m54.fits                                               
# xmin,xmax,dshft,yshift,fz:  10112.50  10658.50   0.00000   0.00000   1.00000
# vw,rp,ifabs:   0.0    28300.   0
#                                                                     
# wave(A)   obs.spec.  the.spec.  overplot1  overplot2  overplot3  overplot4
10249.000      0.9940     1.0000
10249.100      0.9942     1.0000
10249.200      0.9944     1.0000
10249.300      0.9945     1.0000
10249.400      0.9947     1.0000
10249.500      0.9949     1.0000
10249.600      0.9951     1.0000
10249.700      0.9953     0.9984
10249.800      0.9954     0.9984
10249.900      0.9956     0.9984
10250.000      0.9958     0.9984
10250.100      0.9960     0.9985
10250.200      0.9961     0.9985
10250.300      0.9963     0.9985
10250.400      0.9965     0.9985
10250.500      0.9967     0.9985
10250.600      0.9969     0.9985
10250.700      0.9970     0.9985
10250.800      0.9972     0.9985
10250.900      1.0013     0.9985
10251.000      1.0058     0.9985
10251.100      1.0082     0.9985
10251.200      1.0083     0.9985
10251.300      1.0058     0.9985
10251.400      1.0016     0.9984
10251.500      0.9966     0.9984
10251.600      0.9913     0.9984
10251.700      0.9878     0.9983
10251.800      0.9933     0.9983
10251.900      1.0008     0.9983
10252.000      1.0087     0.9984
10252.100      1.0115     0.9984
10252.200      1.0090     0.9985
10252.300      1.0027     0.9985
10252.400      0.9955     0.9985
10252.500      0.9880     0.9985
10252.600      0.9828     0.9985
10252.700      0.9822     0.9985
10252.800      0.9861     0.9985
10252.900      0.9905     0.9985
10253.000      0.9947     0.9985
10253.100      0.9980     0.9985
10253.200      1.0004     0.9985
10253.300      1.0040     0.9985
10253.400      1.0084     0.9985
10253.500      1.0119     0.9985
10253.600      1.0129     0.9985
10253.700      1.0080     0.9985
10253.800      1.0032     0.9985
10253.900      0.9987     0.9985
10254.000      0.9955     0.9985
10254.100      0.9932     0.9984
10254.200      0.9912     0.9984
10254.300      0.9905     0.9985
10254.400      0.9944     0.9985
10254.500      0.9994     0.9985
10254.600      1.0047     0.9985
10254.700      1.0046     0.9985
10254.800      1.0024     0.9985
10254.900      1.0011     0.9985
10255.000      1.0011     0.9985
10255.100      1.0024     0.9985
10255.200      1.0028     0.9985
10255.300      1.0024     0.9985
10255.400      1.0022     0.9985
10255.500      1.0020     0.9985
10255.600      1.0015     0.9985
10255.700      1.0012     0.9985
10255.800      1.0016     0.9985
10255.900      1.0024     0.9984
10256.000      1.0034     0.9983
10256.100      1.0034     0.9978
10256.200      1.0034     0.9969
10256.300      1.0054     0.9951
10256.400      1.0080     0.9930
10256.500      1.0107     0.9913
10256.600      1.0089     0.9911
10256.700      1.0038     0.9923
10256.800      0.9981     0.9943
10256.900      0.9942     0.9962
10257.000      0.9983     0.9974
10257.100      1.0024     0.9981
10257.200      1.0060     0.9984
10257.300      1.0049     0.9985
10257.400      1.0003     0.9985
10257.500      0.9941     0.9985
10257.600      0.9903     0.9985
10257.700      0.9947     0.9985
10257.800      0.9999     0.9985
10257.900      1.0052     0.9985
10258.000      1.0037     0.9985
10258.100      1.0002     0.9985
10258.200      0.9969     0.9985
10258.300      0.9962     0.9985
10258.400      1.0005     0.9985
10258.500      1.0037     0.9985
10258.600      1.0043     0.9985
10258.700      1.0008     0.9986
10258.800      0.9977     0.9986
10258.900      1.0013     0.9986
10259.000      1.0044     0.9985
10259.100      1.0058     0.9985
10259.200      1.0059     0.9985
10259.300      1.0055     0.9985
10259.400      1.0086     0.9985
10259.500      1.0101     0.9986
10259.600      1.0027     0.9986
10259.700      0.9969     0.9986
10259.800      0.9954     0.9986
10259.900      0.9990     0.9986
10260.000      1.0038     0.9986
10260.100      1.0023     0.9986
10260.200      1.0007     0.9986
10260.300      0.9994     0.9986
10260.400      0.9997     0.9986
10260.500      1.0013     0.9986
10260.600      1.0005     0.9986
10260.700      0.9985     0.9986
10260.800      0.9960     0.9986
10260.900      0.9939     0.9986
10261.000      0.9939     0.9986
10261.100      0.9955     0.9986
10261.200      0.9977     0.9986
10261.300      0.9941     0.9986
10261.400      0.9894     0.9986
10261.500      0.9860     0.9986
10261.600      0.9865     0.9986
10261.700      0.9913     0.9986
10261.800      0.9953     0.9986
10261.900      0.9976     0.9986
10262.000      0.9963     0.9986
10262.100      0.9948     0.9986
10262.200      0.9933     0.9986
10262.300      0.9919     0.9985
10262.400      0.9904     0.9985
10262.500      0.9873     0.9985
10262.600      0.9835     0.9985
10262.700      0.9810     0.9986
10262.800      0.9804     0.9986
10262.900      0.9820     0.9986
10263.000      0.9831     0.9985
10263.100      0.9832     0.9984
10263.200      0.9825     0.9985
10263.300      0.9817     0.9985
10263.400      0.9809     0.9986
10263.500      0.9807     0.9986
10263.600      0.9824     0.9987
10263.700      0.9848     0.9987
10263.800      0.9881     0.9987
10263.900      0.9944     0.9987
10264.000      1.0008     0.9986
10264.100      1.0028     0.9986
10264.200      1.0034     0.9986
10264.300      1.0030     0.9986
10264.400      0.9998     0.9987
10264.500      0.9956     0.9987
10264.600      0.9926     0.9987
10264.700      0.9918     0.9987
10264.800      0.9938     0.9987
10264.900      0.9942     0.9987
10265.000      0.9926     0.9987
10265.100      0.9918     0.9987
10265.200      0.9929     0.9986
10265.300      0.9997     0.9987
10265.400      1.0059     0.9987
10265.500      1.0071     0.9987
10265.600      1.0046     0.9987
10265.700      1.0008     0.9987
10265.800      1.0019     0.9987
10265.900      1.0046     0.9987
10266.000      1.0039     0.9987
10266.100      1.0027     0.9987
10266.200      1.0013     0.9987
10266.300      1.0006     0.9987
10266.400      1.0004     0.9987
10266.500      0.9976     0.9987
10266.600      0.9945     0.9987
10266.700      0.9955     0.9987
10266.800      0.9998     0.9987
10266.900      1.0061     0.9987
10267.000      1.0051     0.9987
10267.100      0.9999     0.9987
10267.200      0.9949     0.9987
10267.300      0.9925     0.9987
10267.400      1.0014     0.9987
10267.500      1.0066     0.9987
10267.600      1.0062     0.9987
10267.700      1.0049     0.9987
10267.800      1.0036     0.9987
10267.900      1.0059     0.9987
10268.000      1.0062     0.9987
10268.100      0.9989     0.9987
10268.200      0.9938     0.9987
10268.300      0.9930     0.9987
10268.400      0.9955     0.9987
10268.500      0.9985     0.9987
10268.600      1.0001     0.9987
10268.700      0.9994     0.9987
10268.800      0.9962     0.9987
10268.900      0.9954     0.9987
10269.000      0.9983     0.9987
10269.100      1.0031     0.9987
10269.200      1.0075     0.9987
10269.300      1.0054     0.9987
10269.400      1.0030     0.9987
10269.500      1.0005     0.9987
10269.600      1.0003     0.9987
10269.700      1.0014     0.9987
10269.800      1.0008     0.9987
10269.900      1.0000     0.9987
10270.000      1.0004     0.9985
10270.100      1.0013     0.9983
10270.200      1.0024     0.9982
10270.300      1.0031     0.9983
10270.400      1.0030     0.9985
10270.500      1.0016     0.9986
10270.600      1.0008     0.9987
10270.700      1.0027     0.9988
10270.800      1.0046     0.9988
10270.900      1.0062     0.9988
10271.000      1.0066     0.9988
10271.100      1.0065     0.9988
10271.200      1.0064     0.9988
10271.300      1.0062     0.9988
10271.400      1.0052     0.9988
10271.500      1.0035     0.9988
10271.600      1.0015     0.9988
10271.700      1.0006     0.9988
10271.800      1.0000     0.9988
10271.900      0.9994     0.9988
10272.000      0.9981     0.9988
10272.100      0.9957     0.9988
10272.200      0.9944     0.9988
10272.300      0.9958     0.9988
10272.400      1.0015     0.9988
10272.500      1.0064     0.9988
10272.600      1.0027     0.9988
10272.700      0.9967     0.9988
10272.800      0.9901     0.9988
10272.900      0.9849     0.9988
10273.000      0.9824     0.9988
10273.100      0.9835     0.9988
10273.200      0.9871     0.9987
10273.300      0.9925     0.9987
10273.400      0.9970     0.9986
10273.500      0.9991     0.9984
10273.600      0.9987     0.9981
10273.700      0.9979     0.9977
10273.800      0.9988     0.9974
10273.900      0.9996     0.9974
10274.000      0.9995     0.9976
10274.100      0.9984     0.9980
10274.200      0.9967     0.9984
10274.300      0.9988     0.9986
10274.400      1.0018     0.9987
10274.500      1.0031     0.9987
10274.600      1.0018     0.9985
10274.700      0.9982     0.9980
10274.800      0.9953     0.9972
10274.900      0.9941     0.9964
10275.000      0.9961     0.9961
10275.100      0.9982     0.9965
10275.200      0.9975     0.9973
10275.300      0.9931     0.9981
10275.400      0.9862     0.9986
10275.500      0.9823     0.9987
10275.600      0.9820     0.9988
10275.700      0.9836     0.9988
10275.800      0.9872     0.9988
10275.900      0.9928     0.9988
10276.000      0.9982     0.9988
10276.100      1.0026     0.9988
10276.200      1.0015     0.9988
10276.300      0.9986     0.9988
10276.400      0.9976     0.9988
10276.500      0.9989     0.9988
10276.600      1.0023     0.9988
10276.700      1.0033     0.9988
10276.800      1.0021     0.9988
10276.900      1.0033     0.9988
10277.000      1.0050     0.9988
10277.100      1.0051     0.9988
10277.200      1.0024     0.9988
10277.300      0.9970     0.9988
10277.400      0.9948     0.9988
10277.500      0.9965     0.9988
10277.600      1.0003     0.9988
10277.700      1.0037     0.9988
10277.800      1.0025     0.9988
10277.900      0.9988     0.9988
10278.000      0.9942     0.9988
10278.100      0.9915     0.9988
10278.200      0.9911     0.9989
10278.300      0.9922     0.9989
10278.400      0.9929     0.9989
10278.500      0.9917     0.9989
10278.600      0.9909     0.9989
10278.700      0.9913     0.9989
10278.800      0.9943     0.9988
10278.900      0.9978     0.9988
10279.000      0.9998     0.9988
10279.100      1.0019     0.9988
10279.200      1.0043     0.9988
10279.300      1.0070     0.9988
10279.400      1.0096     0.9988
10279.500      1.0122     0.9988
10279.600      1.0147     0.9989
10279.700      1.0164     0.9989
10279.800      1.0162     0.9989
10279.900      1.0135     0.9989
10280.000      1.0104     0.9989
10280.100      1.0072     0.9989
10280.200      1.0058     0.9989
10280.300      1.0050     0.9989
10280.400      1.0046     0.9989
10280.500      1.0040     0.9989
10280.600      1.0027     0.9989
10280.700      1.0011     0.9989
10280.800      0.9990     0.9989
10280.900      0.9942     0.9989
10281.000      0.9894     0.9989
10281.100      0.9872     0.9989
10281.200      0.9894     0.9989
10281.300      0.9944     0.9989
10281.400      0.9955     0.9989
10281.500      0.9949     0.9989
10281.600      0.9948     0.9989
10281.700      0.9961     0.9989
10281.800      1.0002     0.9989
10281.900      1.0021     0.9989
10282.000      1.0021     0.9989
10282.100      1.0023     0.9989
10282.200      1.0025     0.9989
10282.300      0.9992     0.9989
10282.400      0.9970     0.9989
10282.500      0.9980     0.9989
10282.600      1.0006     0.9989
10282.700      1.0035     0.9989
10282.800      1.0058     0.9989
10282.900      1.0068     0.9989
10283.000      1.0050     0.9989
10283.100      1.0032     0.9989
10283.200      1.0015     0.9989
10283.300      1.0019     0.9989
10283.400      1.0034     0.9989
10283.500      1.0042     0.9989
10283.600      1.0038     0.9988
10283.700      1.0016     0.9988
10283.800      1.0000     0.9987
10283.900      1.0002     0.9987
10284.000      1.0028     0.9987
10284.100      1.0058     0.9987
10284.200      1.0039     0.9986
10284.300      1.0023     0.9987
10284.400      1.0023     0.9987
10284.500      1.0026     0.9988
10284.600      1.0032     0.9989
10284.700      1.0049     0.9989
10284.800      1.0068     0.9989
10284.900      1.0073     0.9989
10285.000      1.0051     0.9989
10285.100      0.9998     0.9989
10285.200      0.9959     0.9989
10285.300      0.9948     0.9989
10285.400      0.9968     0.9989
10285.500      0.9989     0.9989
10285.600      0.9982     0.9989
10285.700      0.9970     0.9989
10285.800      0.9952     0.9989
10285.900      0.9914     0.9989
10286.000      0.9868     0.9989
10286.100      0.9828     0.9989
10286.200      0.9817     0.9989
10286.300      0.9886     0.9989
10286.400      0.9940     0.9989
10286.500      0.9967     0.9989
10286.600      0.9987     0.9989
10286.700      1.0000     0.9988
10286.800      1.0003     0.9988
10286.900      0.9985     0.9988
10287.000      0.9940     0.9988
10287.100      0.9934     0.9989
10287.200      0.9967     0.9989
10287.300      0.9990     0.9989
10287.400      0.9993     0.9989
10287.500      0.9957     0.9989
10287.600      0.9934     0.9989
10287.700      0.9942     0.9989
10287.800      0.9941     0.9989
10287.900      0.9933     0.9989
10288.000      0.9932     0.9989
10288.100      0.9944     0.9989
10288.200      0.9969     0.9988
10288.300      0.9979     0.9986
10288.400      0.9954     0.9981
10288.500      0.9918     0.9973
10288.600      0.9880     0.9953
10288.700      0.9869     0.9914
10288.800      0.9861     0.9862
10288.900      0.9849     0.9826
10289.000      0.9834     0.9835
10289.100      0.9817     0.9883
10289.200      0.9834     0.9936
10289.300      0.9876     0.9969
10289.400      0.9927     0.9982
10289.500      0.9966     0.9986
10289.600      0.9966     0.9987
10289.700      0.9975     0.9988
10289.800      0.9992     0.9988
10289.900      0.9990     0.9989
10290.000      0.9982     0.9989
10290.100      0.9985     0.9988
10290.200      0.9978     0.9985
10290.300      0.9946     0.9978
10290.400      0.9913     0.9968
10290.500      0.9879     0.9962
10290.600      0.9893     0.9965
10290.700      0.9917     0.9974
10290.800      0.9938     0.9983
10290.900      0.9951     0.9987
10291.000      0.9953     0.9989
10291.100      0.9952     0.9989
10291.200      0.9947     0.9990
10291.300      0.9930     0.9990
10291.400      0.9915     0.9990
10291.500      0.9918     0.9990
10291.600      0.9917     0.9990
10291.700      0.9912     0.9990
10291.800      0.9930     0.9990
10291.900      0.9978     0.9990
10292.000      1.0049     0.9990
10292.100      1.0091     0.9990
10292.200      1.0031     0.9990
10292.300      0.9982     0.9990
10292.400      0.9962     0.9990
10292.500      0.9982     0.9990
10292.600      1.0010     0.9990
10292.700      1.0034     0.9990
10292.800      1.0045     0.9990
10292.900      1.0034     0.9990
10293.000      1.0027     0.9990
10293.100      1.0026     0.9990
10293.200      1.0026     0.9990
10293.300      1.0025     0.9990
10293.400      1.0018     0.9990
10293.500      1.0016     0.9990
10293.600      1.0027     0.9990
10293.700      1.0036     0.9990
10293.800      1.0042     0.9990
10293.900      1.0025     0.9990
10294.000      1.0000     0.9990
10294.100      0.9974     0.9990
10294.200      0.9952     0.9990
10294.300      0.9945     0.9990
10294.400      0.9951     0.9990
10294.500      0.9965     0.9990
10294.600      0.9983     0.9990
10294.700      1.0001     0.9990
10294.800      1.0017     0.9990
10294.900      1.0030     0.9990
10295.000      1.0037     0.9990
10295.100      1.0008     0.9990
10295.200      0.9968     0.9990
10295.300      0.9948     0.9990
10295.400      0.9948     0.9990
10295.500      0.9964     0.9990
10295.600      0.9985     0.9990
10295.700      1.0010     0.9990
10295.800      1.0039     0.9990
10295.900      1.0063     0.9990
10296.000      1.0025     0.9990
10296.100      0.9990     0.9990
10296.200      0.9976     0.9990
10296.300      1.0001     0.9990
10296.400      1.0042     0.9990
10296.500      1.0041     0.9990
10296.600      1.0032     0.9990
10296.700      1.0023     0.9990
10296.800      1.0019     0.9990
10296.900      1.0023     0.9990
10297.000      1.0015     0.9990
10297.100      1.0001     0.9990
10297.200      0.9989     0.9990
10297.300      0.9986     0.9990
10297.400      1.0003     0.9990
10297.500      1.0016     0.9990
10297.600      1.0013     0.9990
10297.700      0.9989     0.9990
10297.800      0.9961     0.9990
10297.900      0.9992     0.9990
10298.000      1.0023     0.9990
10298.100      1.0051     0.9990
10298.200      1.0053     0.9990
10298.300      1.0034     0.9990
10298.400      1.0033     0.9990
10298.500      1.0036     0.9990
10298.600      1.0035     0.9990
10298.700      1.0036     0.9990
10298.800      1.0044     0.9990
10298.900      1.0050     0.9989
10299.000      1.0054     0.9987
10299.100      0.9995     0.9985
10299.200      0.9927     0.9983
10299.300      0.9887     0.9983
10299.400      0.9903     0.9985
10299.500      0.9966     0.9987
10299.600      1.0002     0.9989
10299.700      1.0007     0.9990
10299.800      0.9989     0.9990
10299.900      0.9973     0.9990
10300.000      0.9968     0.9990
10300.100      0.9967     0.9990
10300.200      0.9968     0.9990
10300.300      0.9965     0.9990
10300.400      0.9956     0.9990
10300.500      0.9934     0.9990
10300.600      0.9925     0.9990
10300.700      0.9951     0.9991
10300.800      0.9953     0.9990
10300.900      0.9932     0.9990
10301.000      0.9931     0.9989
10301.100      0.9951     0.9986
10301.200      0.9988     0.9981
10301.300      1.0012     0.9976
10301.400      1.0008     0.9975
10301.500      1.0010     0.9979
10301.600      1.0016     0.9984
10301.700      1.0007     0.9988
10301.800      0.9994     0.9990
10301.900      0.9981     0.9991
10302.000      0.9980     0.9991
10302.100      0.9996     0.9991
10302.200      0.9994     0.9990
10302.300      0.9969     0.9989
10302.400      0.9929     0.9988
10302.500      0.9893     0.9985
10302.600      0.9884     0.9984
10302.700      0.9892     0.9985
10302.800      0.9907     0.9987
10302.900      0.9911     0.9989
10303.000      0.9912     0.9990
10303.100      0.9960     0.9991
10303.200      0.9996     0.9991
10303.300      0.9991     0.9991
10303.400      0.9981     0.9991
10303.500      0.9971     0.9991
10303.600      0.9977     0.9991
10303.700      0.9988     0.9991
10303.800      0.9966     0.9991
10303.900      0.9943     0.9991
10304.000      0.9919     0.9991
10304.100      0.9904     0.9991
10304.200      0.9895     0.9991
10304.300      0.9883     0.9991
10304.400      0.9870     0.9991
10304.500      0.9862     0.9991
10304.600      0.9858     0.9991
10304.700      0.9863     0.9991
10304.800      0.9894     0.9991
10304.900      0.9936     0.9991
10305.000      0.9968     0.9991
10305.100      0.9984     0.9991
10305.200      0.9977     0.9991
10305.300      0.9984     0.9991
10305.400      1.0007     0.9991
10305.500      1.0005     0.9990
10305.600      0.9993     0.9990
10305.700      0.9983     0.9991
10305.800      0.9978     0.9991
10305.900      0.9983     0.9991
10306.000      0.9971     0.9991
10306.100      0.9943     0.9991
10306.200      0.9948     0.9991
10306.300      0.9963     0.9991
10306.400      0.9974     0.9991
10306.500      0.9963     0.9991
10306.600      0.9908     0.9991
10306.700      0.9856     0.9991
10306.800      0.9821     0.9991
10306.900      0.9874     0.9991
10307.000      0.9940     0.9991
10307.100      0.9973     0.9991
10307.200      0.9985     0.9990
10307.300      0.9986     0.9990
10307.400      0.9989     0.9989
10307.500      0.9994     0.9988
10307.600      0.9997     0.9989
10307.700      0.9998     0.9990
10307.800      0.9996     0.9990
10307.900      0.9987     0.9990
10308.000      0.9973     0.9990
10308.100      0.9967     0.9990
10308.200      0.9974     0.9991
10308.300      0.9997     0.9991
10308.400      1.0013     0.9991
10308.500      0.9997     0.9991
10308.600      0.9967     0.9991
10308.700      0.9934     0.9991
10308.800      0.9948     0.9991
10308.900      0.9975     0.9991
10309.000      0.9977     0.9991
10309.100      0.9963     0.9990
10309.200      0.9939     0.9990
10309.300      0.9915     0.9991
10309.400      0.9892     0.9991
10309.500      0.9926     0.9991
10309.600      0.9968     0.9991
10309.700      0.9970     0.9991
10309.800      0.9949     0.9991
10309.900      0.9915     0.9989
10310.000      0.9912     0.9986
10310.100      0.9939     0.9981
10310.200      0.9978     0.9976
10310.300      1.0013     0.9974
10310.400      1.0023     0.9977
10310.500      1.0026     0.9982
10310.600      1.0026     0.9987
10310.700      1.0030     0.9989
10310.800      1.0036     0.9990
10310.900      1.0024     0.9990
10311.000      0.9994     0.9990
10311.100      0.9949     0.9990
10311.200      0.9918     0.9989
10311.300      0.9916     0.9989
10311.400      0.9940     0.9988
10311.500      0.9967     0.9988
10311.600      0.9944     0.9988
10311.700      0.9917     0.9988
10311.800      0.9888     0.9988
10311.900      0.9898     0.9989
10312.000      0.9937     0.9989
10312.100      0.9975     0.9988
10312.200      1.0009     0.9984
10312.300      1.0022     0.9978
10312.400      1.0026     0.9970
10312.500      1.0025     0.9965
10312.600      1.0026     0.9967
10312.700      1.0031     0.9973
10312.800      1.0045     0.9979
10312.900      1.0046     0.9980
10313.000      0.9970     0.9974
10313.100      0.9918     0.9966
10313.200      0.9918     0.9963
10313.300      0.9949     0.9968
10313.400      0.9987     0.9977
10313.500      0.9982     0.9985
10313.600      0.9958     0.9989
10313.700      0.9925     0.9991
10313.800      0.9921     0.9991
10313.900      0.9947     0.9991
10314.000      0.9969     0.9991
10314.100      0.9983     0.9991
10314.200      0.9951     0.9991
10314.300      0.9922     0.9991
10314.400      0.9904     0.9991
10314.500      0.9911     0.9991
10314.600      0.9929     0.9991
10314.700      0.9943     0.9991
10314.800      0.9955     0.9992
10314.900      0.9965     0.9992
10315.000      0.9979     0.9992
10315.100      1.0000     0.9992
10315.200      0.9978     0.9992
10315.300      0.9929     0.9992
10315.400      0.9904     0.9992
10315.500      0.9913     0.9992
10315.600      0.9967     0.9992
10315.700      1.0009     0.9992
10315.800      1.0012     0.9992
10315.900      0.9975     0.9992
10316.000      0.9928     0.9992
10316.100      0.9934     0.9992
10316.200      0.9964     0.9992
10316.300      1.0006     0.9992
10316.400      1.0019     0.9992
10316.500      0.9997     0.9992
10316.600      0.9971     0.9992
10316.700      0.9946     0.9992
10316.800      0.9955     0.9992
10316.900      0.9961     0.9992
10317.000      0.9958     0.9992
10317.100      0.9952     0.9992
10317.200      0.9947     0.9992
10317.300      0.9960     0.9992
10317.400      0.9975     0.9992
10317.500      0.9957     0.9992
10317.600      0.9914     0.9992
10317.700      0.9856     0.9992
10317.800      0.9829     0.9992
10317.900      0.9849     0.9992
10318.000      0.9910     0.9992
10318.100      0.9965     0.9992
10318.200      0.9955     0.9992
10318.300      0.9925     0.9992
10318.400      0.9889     0.9992
10318.500      0.9915     0.9992
10318.600      0.9972     0.9992
10318.700      0.9995     0.9991
10318.800      1.0002     0.9991
10318.900      0.9999     0.9990
10319.000      1.0006     0.9989
10319.100      1.0022     0.9988
10319.200      1.0011     0.9988
10319.300      0.9989     0.9989
10319.400      0.9983     0.9988
10319.500      0.9977     0.9983
10319.600      0.9971     0.9973
10319.700      0.9953     0.9962
10319.800      0.9924     0.9956
10319.900      0.9896     0.9960
10320.000      0.9876     0.9967
10320.100      0.9907     0.9970
10320.200      0.9935     0.9971
10320.300      0.9955     0.9973
10320.400      0.9973     0.9977
10320.500      0.9988     0.9983
10320.600      0.9997     0.9987
10320.700      0.9990     0.9990
10320.800      0.9940     0.9990
10320.900      0.9905     0.9990
10321.000      0.9914     0.9988
10321.100      0.9963     0.9988
10321.200      1.0021     0.9989
10321.300      1.0038     0.9990
10321.400      1.0037     0.9991
10321.500      1.0028     0.9991
10321.600      1.0019     0.9992
10321.700      1.0010     0.9992
10321.800      1.0000     0.9992
10321.900      0.9991     0.9992
10322.000      0.9982     0.9992
10322.100      0.9974     0.9992
10322.200      0.9975     0.9992
10322.300      0.9995     0.9992
10322.400      1.0024     0.9992
10322.500      1.0034     0.9992
10322.600      1.0036     0.9992
10322.700      1.0036     0.9992
10322.800      1.0048     0.9992
10322.900      1.0082     0.9992
10323.000      1.0108     0.9991
10323.100      1.0118     0.9990
10323.200      1.0102     0.9986
10323.300      1.0077     0.9980
10323.400      1.0049     0.9976
10323.500      1.0025     0.9977
10323.600      1.0013     0.9982
10323.700      1.0009     0.9987
10323.800      1.0013     0.9990
10323.900      1.0039     0.9992
10324.000      1.0065     0.9992
10324.100      1.0077     0.9992
10324.200      1.0042     0.9992
10324.300      0.9966     0.9992
10324.400      0.9907     0.9992
10324.500      0.9880     0.9992
10324.600      0.9908     0.9992
10324.700      0.9937     0.9992
10324.800      0.9965     0.9992
10324.900      0.9987     0.9992
10325.000      0.9996     0.9992
10325.100      0.9990     0.9992
10325.200      0.9977     0.9992
10325.300      0.9960     0.9992
10325.400      0.9946     0.9992
10325.500      0.9948     0.9992
10325.600      0.9973     0.9992
10325.700      1.0007     0.9992
10325.800      1.0031     0.9992
10325.900      1.0033     0.9992
10326.000      0.9997     0.9992
10326.100      0.9952     0.9991
10326.200      0.9904     0.9991
10326.300      0.9866     0.9991
10326.400      0.9850     0.9991
10326.500      0.9877     0.9991
10326.600      0.9911     0.9992
10326.700      0.9946     0.9991
10326.800      0.9981     0.9986
10326.900      1.0016     0.9963
10327.000      1.0018     0.9886
10327.100      1.0003     0.9724
10327.200      0.9984     0.9516
10327.300      0.9966     0.9401
10327.400      0.9952     0.9477
10327.500      0.9944     0.9678
10327.600      0.9947     0.9857
10327.700      0.9967     0.9950
10327.800      0.9989     0.9982
10327.900      0.9987     0.9990
10328.000      0.9968     0.9991
10328.100      0.9939     0.9992
10328.200      0.9948     0.9991
10328.300      0.9986     0.9989
10328.400      0.9992     0.9986
10328.500      0.9976     0.9984
10328.600      0.9946     0.9983
10328.700      0.9937     0.9985
10328.800      0.9959     0.9988
10328.900      0.9971     0.9990
10329.000      0.9969     0.9991
10329.100      0.9953     0.9992
10329.200      0.9936     0.9991
10329.300      0.9918     0.9986
10329.400      0.9906     0.9971
10329.500      0.9910     0.9941
10329.600      0.9939     0.9906
10329.700      0.9974     0.9890
10329.800      0.9964     0.9908
10329.900      0.9952     0.9943
10330.000      0.9940     0.9971
10330.100      0.9924     0.9982
10330.200      0.9905     0.9985
10330.300      0.9896     0.9986
10330.400      0.9890     0.9987
10330.500      0.9852     0.9989
10330.600      0.9820     0.9990
10330.700      0.9817     0.9990
10330.800      0.9843     0.9990
10330.900      0.9880     0.9990
10331.000      0.9889     0.9989
10331.100      0.9896     0.9987
10331.200      0.9920     0.9982
10331.300      0.9920     0.9970
10331.400      0.9883     0.9939
10331.500      0.9874     0.9877
10331.600      0.9894     0.9782
10331.700      0.9931     0.9680
10331.800      0.9955     0.9607
10331.900      0.9908     0.9588
10332.000      0.9868     0.9625
10332.100      0.9851     0.9707
10332.200      0.9894     0.9808
10332.300      0.9956     0.9893
10332.400      0.9980     0.9945
10332.500      1.0001     0.9965
10332.600      1.0019     0.9957
10332.700      1.0029     0.9923
10332.800      1.0019     0.9873
10332.900      0.9984     0.9841
10333.000      0.9946     0.9854
10333.100      0.9961     0.9903
10333.200      0.9976     0.9951
10333.300      0.9989     0.9978
10333.400      0.9990     0.9988
10333.500      0.9977     0.9991
10333.600      0.9957     0.9992
10333.700      0.9930     0.9992
10333.800      0.9892     0.9992
10333.900      0.9882     0.9992
10334.000      0.9927     0.9992
10334.100      0.9976     0.9992
10334.200      1.0026     0.9992
10334.300      1.0019     0.9992
10334.400      1.0007     0.9992
10334.500      0.9995     0.9992
10334.600      0.9988     0.9992
10334.700      0.9983     0.9992
10334.800      0.9975     0.9992
10334.900      0.9967     0.9992
10335.000      0.9985     0.9993
10335.100      1.0000     0.9993
10335.200      1.0003     0.9993
10335.300      1.0004     0.9992
10335.400      1.0005     0.9992
10335.500      0.9995     0.9992
10335.600      0.9970     0.9992
10335.700      0.9928     0.9993
10335.800      0.9895     0.9993
10335.900      0.9886     0.9993
10336.000      0.9861     0.9993
10336.100      0.9824     0.9993
10336.200      0.9803     0.9993
10336.300      0.9814     0.9993
10336.400      0.9881     0.9993
10336.500      0.9961     0.9993
10336.600      1.0045     0.9993
10336.700      1.0094     0.9993
10336.800      1.0089     0.9993
10336.900      1.0033     0.9993
10337.000      0.9974     0.9993
10337.100      0.9923     0.9993
10337.200      0.9898     0.9993
10337.300      0.9903     0.9993
10337.400      0.9915     0.9993
10337.500      0.9927     0.9993
10337.600      0.9918     0.9993
10337.700      0.9911     0.9993
10337.800      0.9918     0.9993
10337.900      0.9940     0.9993
10338.000      0.9971     0.9993
10338.100      1.0003     0.9993
10338.200      1.0035     0.9993
10338.300      1.0017     0.9993
10338.400      0.9992     0.9993
10338.500      0.9965     0.9993
10338.600      0.9967     0.9993
10338.700      0.9994     0.9993
10338.800      0.9985     0.9993
10338.900      0.9951     0.9992
10339.000      0.9905     0.9992
10339.100      0.9863     0.9993
10339.200      0.9833     0.9993
10339.300      0.9820     0.9993
10339.400      0.9824     0.9993
10339.500      0.9842     0.9993
10339.600      0.9867     0.9993
10339.700      0.9896     0.9993
10339.800      0.9918     0.9993
10339.900      0.9928     0.9993
10340.000      0.9948     0.9993
10340.100      0.9973     0.9993
10340.200      0.9994     0.9993
10340.300      0.9997     0.9993
10340.400      0.9959     0.9993
10340.500      0.9925     0.9993
10340.600      0.9904     0.9992
10340.700      0.9906     0.9991
10340.800      0.9915     0.9990
10340.900      0.9901     0.9990
10341.000      0.9896     0.9990
10341.100      0.9914     0.9992
10341.200      0.9934     0.9992
10341.300      0.9955     0.9993
10341.400      0.9943     0.9993
10341.500      0.9923     0.9993
10341.600      0.9910     0.9993
10341.700      0.9905     0.9993
10341.800      0.9908     0.9993
10341.900      0.9908     0.9993
10342.000      0.9906     0.9993
10342.100      0.9912     0.9993
10342.200      0.9919     0.9993
10342.300      0.9923     0.9993
10342.400      0.9932     0.9993
10342.500      0.9946     0.9993
10342.600      0.9954     0.9993
10342.700      0.9952     0.9993
10342.800      0.9931     0.9992
10342.900      0.9916     0.9991
10343.000      0.9931     0.9990
10343.100      0.9944     0.9988
10343.200      0.9949     0.9987
10343.300      0.9944     0.9988
10343.400      0.9938     0.9987
10343.500      0.9949     0.9978
10343.600      0.9967     0.9956
10343.700      0.9989     0.9928
10343.800      0.9989     0.9910
10343.900      0.9970     0.9918
10344.000      0.9977     0.9945
10344.100      0.9988     0.9971
10344.200      0.9945     0.9986
10344.300      0.9923     0.9991
10344.400      0.9939     0.9993
10344.500      0.9945     0.9993
10344.600      0.9943     0.9993
10344.700      0.9944     0.9993
10344.800      0.9949     0.9993
10344.900      0.9964     0.9993
10345.000      0.9992     0.9993
10345.100      1.0029     0.9993
10345.200      1.0045     0.9993
10345.300      1.0043     0.9993
10345.400      1.0036     0.9993
10345.500      1.0028     0.9993
10345.600      1.0021     0.9992
10345.700      1.0011     0.9992
10345.800      0.9998     0.9992
10345.900      0.9985     0.9993
10346.000      0.9970     0.9993
10346.100      0.9955     0.9993
10346.200      0.9945     0.9993
10346.300      0.9954     0.9993
10346.400      0.9967     0.9993
10346.500      0.9980     0.9993
10346.600      0.9987     0.9993
10346.700      0.9985     0.9993
10346.800      0.9970     0.9993
10346.900      0.9956     0.9993
10347.000      0.9946     0.9993
10347.100      0.9959     0.9993
10347.200      0.9986     0.9993
10347.300      0.9972     0.9993
10347.400      0.9944     0.9993
10347.500      0.9911     0.9993
10347.600      0.9900     0.9993
10347.700      0.9922     0.9991
10347.800      0.9937     0.9988
10347.900      0.9945     0.9982
10348.000      0.9948     0.9976
10348.100      0.9951     0.9975
10348.200      0.9953     0.9980
10348.300      0.9953     0.9986
10348.400      0.9947     0.9991
10348.500      0.9926     0.9992
10348.600      0.9902     0.9993
10348.700      0.9898     0.9993
10348.800      0.9919     0.9993
10348.900      0.9963     0.9993
10349.000      0.9994     0.9993
10349.100      0.9998     0.9993
10349.200      0.9981     0.9992
10349.300      0.9963     0.9992
10349.400      0.9983     0.9992
10349.500      1.0001     0.9993
10349.600      1.0008     0.9993
10349.700      1.0006     0.9993
10349.800      0.9992     0.9993
10349.900      0.9947     0.9993
10350.000      0.9906     0.9993
10350.100      0.9928     0.9993
10350.200      0.9953     0.9993
10350.300      0.9977     0.9993
10350.400      0.9964     0.9993
10350.500      0.9930     0.9993
10350.600      0.9932     0.9993
10350.700      0.9930     0.9993
10350.800      0.9900     0.9992
10350.900      0.9877     0.9992
10351.000      0.9875     0.9992
10351.100      0.9900     0.9993
10351.200      0.9930     0.9993
10351.300      0.9926     0.9993
10351.400      0.9926     0.9993
10351.500      0.9944     0.9993
10351.600      0.9971     0.9993
10351.700      1.0001     0.9993
10351.800      1.0004     0.9993
10351.900      0.9988     0.9993
10352.000      0.9963     0.9993
10352.100      0.9938     0.9993
10352.200      0.9916     0.9993
10352.300      0.9894     0.9993
10352.400      0.9871     0.9992
10352.500      0.9861     0.9992
10352.600      0.9866     0.9992
10352.700      0.9884     0.9992
10352.800      0.9907     0.9993
10352.900      0.9931     0.9993
10353.000      0.9941     0.9993
10353.100      0.9934     0.9993
10353.200      0.9920     0.9993
10353.300      0.9912     0.9993
10353.400      0.9935     0.9993
10353.500      0.9957     0.9992
10353.600      0.9973     0.9990
10353.700      0.9957     0.9987
10353.800      0.9931     0.9984
10353.900      0.9905     0.9984
10354.000      0.9894     0.9987
10354.100      0.9925     0.9990
10354.200      0.9954     0.9992
10354.300      0.9976     0.9992
10354.400      0.9970     0.9992
10354.500      0.9959     0.9992
10354.600      0.9996     0.9993
10354.700      1.0019     0.9993
10354.800      1.0010     0.9993
10354.900      1.0001     0.9993
10355.000      0.9993     0.9993
10355.100      1.0003     0.9993
10355.200      1.0013     0.9993
10355.300      0.9985     0.9993
10355.400      0.9960     0.9993
10355.500      0.9948     0.9993
10355.600      0.9977     0.9993
10355.700      1.0024     0.9993
10355.800      1.0014     0.9993
10355.900      0.9999     0.9993
10356.000      0.9995     0.9993
10356.100      0.9991     0.9994
10356.200      0.9987     0.9994
10356.300      0.9988     0.9994
10356.400      0.9996     0.9994
10356.500      1.0014     0.9994
10356.600      1.0026     0.9994
10356.700      1.0015     0.9994
10356.800      1.0010     0.9994
10356.900      1.0008     0.9994
10357.000      1.0001     0.9994
10357.100      0.9988     0.9993
10357.200      0.9968     0.9993
10357.300      0.9963     0.9993
10357.400      0.9992     0.9993
10357.500      1.0002     0.9993
10357.600      0.9997     0.9993
10357.700      0.9995     0.9993
10357.800      0.9999     0.9993
10357.900      1.0015     0.9993
10358.000      1.0019     0.9993
10358.100      1.0002     0.9993
10358.200      0.9986     0.9993
10358.300      0.9971     0.9993
10358.400      0.9947     0.9993
10358.500      0.9930     0.9993
10358.600      0.9953     0.9992
10358.700      0.9961     0.9990
10358.800      0.9949     0.9988
10358.900      0.9938     0.9986
10359.000      0.9935     0.9986
10359.100      0.9958     0.9988
10359.200      0.9978     0.9990
10359.300      0.9976     0.9992
10359.400      0.9977     0.9993
10359.500      0.9986     0.9993
10359.600      1.0000     0.9992
10359.700      1.0015     0.9990
10359.800      0.9987     0.9989
10359.900      0.9963     0.9990
10360.000      0.9955     0.9991
10360.100      0.9975     0.9992
10360.200      1.0006     0.9993
10360.300      1.0020     0.9993
10360.400      1.0017     0.9993
10360.500      1.0000     0.9992
10360.600      0.9981     0.9992
10360.700      0.9961     0.9992
10360.800      0.9939     0.9993
10360.900      0.9916     0.9993
10361.000      0.9912     0.9993
10361.100      0.9924     0.9993
10361.200      0.9948     0.9992
10361.300      0.9968     0.9993
10361.400      0.9982     0.9993
10361.500      0.9992     0.9992
10361.600      0.9999     0.9992
10361.700      0.9998     0.9992
10361.800      0.9998     0.9991
10361.900      1.0001     0.9988
10362.000      0.9992     0.9980
10362.100      0.9972     0.9960
10362.200      0.9953     0.9918
10362.300      0.9935     0.9858
10362.400      0.9950     0.9803
10362.500      0.9969     0.9789
10362.600      0.9989     0.9825
10362.700      1.0006     0.9886
10362.800      1.0015     0.9940
10362.900      1.0019     0.9971
10363.000      1.0006     0.9985
10363.100      0.9915     0.9990
10363.200      0.9833     0.9991
10363.300      0.9794     0.9992
10363.400      0.9796     0.9993
10363.500      0.9817     0.9993
10363.600      0.9845     0.9993
10363.700      0.9862     0.9993
10363.800      0.9811     0.9992
10363.900      0.9773     0.9991
10364.000      0.9775     0.9989
10364.100      0.9821     0.9987
10364.200      0.9877     0.9987
10364.300      0.9915     0.9988
10364.400      0.9924     0.9989
10364.500      0.9898     0.9990
10364.600      0.9915     0.9991
10364.700      0.9980     0.9992
10364.800      0.9980     0.9992
10364.900      0.9956     0.9993
10365.000      0.9934     0.9993
10365.100      0.9933     0.9994
10365.200      0.9975     0.9994
10365.300      1.0002     0.9993
10365.400      1.0003     0.9993
10365.500      0.9984     0.9992
10365.600      0.9964     0.9990
10365.700      0.9968     0.9986
10365.800      0.9976     0.9972
10365.900      0.9985     0.9934
10366.000      0.9988     0.9867
10366.100      0.9988     0.9802
10366.200      0.9989     0.9789
10366.300      0.9995     0.9840
10366.400      1.0021     0.9912
10366.500      1.0030     0.9963
10366.600      1.0009     0.9985
10366.700      0.9985     0.9992
10366.800      0.9961     0.9993
10366.900      0.9956     0.9994
10367.000      0.9964     0.9994
10367.100      0.9979     0.9994
10367.200      0.9996     0.9994
10367.300      1.0014     0.9994
10367.400      1.0004     0.9994
10367.500      0.9983     0.9994
10367.600      0.9966     0.9994
10367.700      0.9953     0.9994
10367.800      0.9954     0.9994
10367.900      0.9967     0.9994
10368.000      0.9985     0.9994
10368.100      0.9972     0.9994
10368.200      0.9954     0.9994
10368.300      0.9962     0.9994
10368.400      0.9969     0.9994
10368.500      0.9970     0.9994
10368.600      0.9970     0.9994
10368.700      0.9970     0.9994
10368.800      0.9995     0.9994
10368.900      1.0024     0.9994
10369.000      1.0029     0.9994
10369.100      1.0007     0.9994
10369.200      0.9967     0.9993
10369.300      0.9950     0.9993
10369.400      0.9957     0.9993
10369.500      0.9975     0.9993
10369.600      0.9991     0.9993
10369.700      0.9989     0.9993
10369.800      0.9974     0.9993
10369.900      0.9949     0.9993
10370.000      0.9911     0.9993
10370.100      0.9871     0.9993
10370.200      0.9894     0.9993
10370.300      0.9923     0.9993
10370.400      0.9954     0.9992
10370.500      0.9957     0.9992
10370.600      0.9934     0.9991
10370.700      0.9914     0.9987
10370.800      0.9903     0.9970
10370.900      0.9916     0.9915
10371.000      0.9942     0.9784
10371.100      0.9975     0.9582
10371.200      1.0004     0.9401
10371.300      1.0020     0.9373
10371.400      1.0009     0.9521
10371.500      0.9998     0.9730
10371.600      1.0002     0.9883
10371.700      1.0005     0.9955
10371.800      1.0005     0.9975
10371.900      0.9979     0.9977
10372.000      0.9941     0.9976
10372.100      0.9917     0.9976
10372.200      0.9918     0.9979
10372.300      0.9957     0.9982
10372.400      0.9978     0.9985
10372.500      0.9974     0.9986
10372.600      0.9966     0.9987
10372.700      0.9957     0.9986
10372.800      0.9959     0.9985
10372.900      0.9968     0.9985
10373.000      0.9980     0.9985
10373.100      0.9988     0.9985
10373.200      0.9991     0.9985
10373.300      0.9998     0.9986
10373.400      1.0009     0.9987
10373.500      1.0026     0.9988
10373.600      1.0028     0.9988
10373.700      0.9999     0.9988
10373.800      0.9982     0.9988
10373.900      0.9979     0.9987
10374.000      0.9981     0.9986
10374.100      0.9986     0.9985
10374.200      0.9993     0.9984
10374.300      0.9990     0.9985
10374.400      0.9970     0.9986
10374.500      0.9965     0.9988
10374.600      0.9980     0.9989
10374.700      1.0012     0.9990
10374.800      1.0030     0.9991
10374.900      0.9984     0.9991
10375.000      0.9940     0.9991
10375.100      0.9908     0.9992
10375.200      0.9919     0.9992
10375.300      0.9945     0.9992
10375.400      0.9960     0.9993
10375.500      0.9957     0.9993
10375.600      0.9929     0.9993
10375.700      0.9939     0.9993
10375.800      0.9987     0.9993
10375.900      1.0018     0.9993
10376.000      1.0022     0.9993
10376.100      0.9979     0.9993
10376.200      0.9940     0.9993
10376.300      0.9922     0.9993
10376.400      0.9922     0.9993
10376.500      0.9928     0.9994
10376.600      0.9913     0.9994
10376.700      0.9898     0.9994
10376.800      0.9927     0.9993
10376.900      0.9956     0.9991
10377.000      0.9985     0.9985
10377.100      0.9971     0.9970
10377.200      0.9933     0.9944
10377.300      0.9929     0.9916
10377.400      0.9935     0.9902
10377.500      0.9942     0.9913
10377.600      0.9956     0.9941
10377.700      0.9975     0.9968
10377.800      0.9993     0.9985
10377.900      1.0006     0.9991
10378.000      0.9994     0.9993
10378.100      0.9986     0.9994
10378.200      0.9996     0.9993
10378.300      1.0005     0.9992
10378.400      1.0009     0.9989
10378.500      1.0003     0.9985
10378.600      0.9994     0.9983
10378.700      0.9988     0.9984
10378.800      0.9988     0.9987
10378.900      1.0001     0.9990
10379.000      1.0017     0.9992
10379.100      1.0035     0.9993
10379.200      1.0027     0.9994
10379.300      0.9999     0.9994
10379.400      0.9959     0.9994
10379.500      0.9922     0.9994
10379.600      0.9906     0.9994
10379.700      0.9925     0.9994
10379.800      0.9957     0.9994
10379.900      0.9985     0.9994
10380.000      1.0003     0.9994
10380.100      0.9993     0.9994
10380.200      0.9989     0.9994
10380.300      0.9997     0.9994
10380.400      1.0008     0.9994
10380.500      1.0019     0.9994
10380.600      0.9994     0.9994
10380.700      0.9971     0.9994
10380.800      0.9974     0.9994
10380.900      0.9997     0.9994
10381.000      1.0027     0.9994
10381.100      1.0057     0.9994
10381.200      1.0083     0.9994
10381.300      1.0082     0.9994
10381.400      1.0079     0.9994
10381.500      1.0075     0.9994
10381.600      1.0047     0.9994
10381.700      1.0001     0.9992
10381.800      0.9956     0.9989
10381.900      0.9916     0.9982
10382.000      0.9937     0.9973
10382.100      0.9963     0.9968
10382.200      0.9989     0.9970
10382.300      1.0001     0.9977
10382.400      0.9983     0.9985
10382.500      0.9909     0.9991
10382.600      0.9844     0.9993
10382.700      0.9862     0.9994
10382.800      0.9898     0.9994
10382.900      0.9939     0.9994
10383.000      0.9919     0.9994
10383.100      0.9871     0.9993
10383.200      0.9863     0.9992
10383.300      0.9869     0.9988
10383.400      0.9880     0.9981
10383.500      0.9897     0.9972
10383.600      0.9920     0.9965
10383.700      0.9972     0.9964
10383.800      1.0029     0.9970
10383.900      1.0018     0.9979
10384.000      0.9988     0.9987
10384.100      0.9950     0.9991
10384.200      0.9948     0.9993
10384.300      0.9977     0.9994
10384.400      1.0005     0.9994
10384.500      1.0030     0.9994
10384.600      1.0012     0.9994
10384.700      0.9996     0.9994
10384.800      0.9982     0.9994
10384.900      0.9966     0.9994
10385.000      0.9947     0.9994
10385.100      0.9941     0.9994
10385.200      0.9948     0.9994
10385.300      0.9968     0.9994
10385.400      0.9981     0.9993
10385.500      0.9983     0.9993
10385.600      0.9985     0.9993
10385.700      0.9987     0.9994
10385.800      0.9987     0.9994
10385.900      0.9987     0.9994
10386.000      0.9992     0.9994
10386.100      0.9990     0.9994
10386.200      0.9978     0.9994
10386.300      0.9957     0.9994
10386.400      0.9934     0.9994
10386.500      0.9937     0.9994
10386.600      0.9952     0.9994
10386.700      0.9973     0.9994
10386.800      0.9986     0.9994
10386.900      0.9985     0.9994
10387.000      0.9974     0.9994
10387.100      0.9963     0.9994
10387.200      0.9964     0.9994
10387.300      0.9974     0.9994
10387.400      0.9991     0.9993
10387.500      0.9994     0.9993
10387.600      0.9990     0.9993
10387.700      0.9997     0.9994
10387.800      1.0004     0.9993
10387.900      1.0004     0.9993
10388.000      0.9997     0.9993
10388.100      0.9981     0.9994
10388.200      0.9947     0.9994
10388.300      0.9909     0.9994
10388.400      0.9914     0.9993
10388.500      0.9950     0.9992
10388.600      1.0005     0.9990
10388.700      1.0032     0.9989
10388.800      1.0020     0.9989
10388.900      1.0000     0.9991
10389.000      0.9978     0.9993
10389.100      0.9983     0.9994
10389.200      1.0004     0.9994
10389.300      1.0037     0.9994
10389.400      1.0050     0.9994
10389.500      1.0045     0.9993
10389.600      1.0053     0.9993
10389.700      1.0065     0.9993
10389.800      1.0069     0.9993
10389.900      1.0064     0.9993
10390.000      1.0050     0.9994
10390.100      1.0043     0.9994
10390.200      1.0039     0.9994
10390.300      1.0008     0.9994
10390.400      0.9977     0.9994
10390.500      0.9990     0.9994
10390.600      1.0020     0.9994
10390.700      1.0055     0.9993
10390.800      1.0054     0.9993
10390.900      1.0029     0.9991
10391.000      0.9998     0.9988
10391.100      0.9976     0.9983
10391.200      0.9987     0.9979
10391.300      0.9999     0.9976
10391.400      1.0011     0.9974
10391.500      0.9991     0.9968
10391.600      0.9960     0.9955
10391.700      0.9931     0.9942
10391.800      0.9918     0.9937
10391.900      0.9939     0.9937
10392.000      0.9953     0.9933
10392.100      0.9959     0.9923
10392.200      0.9971     0.9918
10392.300      0.9984     0.9928
10392.400      0.9993     0.9950
10392.500      0.9991     0.9972
10392.600      0.9971     0.9985
10392.700      0.9942     0.9991
10392.800      0.9913     0.9993
10392.900      0.9894     0.9994
10393.000      0.9888     0.9994
10393.100      0.9897     0.9994
10393.200      0.9925     0.9994
10393.300      0.9964     0.9994
10393.400      0.9992     0.9994
10393.500      0.9996     0.9994
10393.600      0.9962     0.9994
10393.700      0.9931     0.9994
10393.800      0.9931     0.9994
10393.900      0.9948     0.9994
10394.000      0.9971     0.9994
10394.100      0.9972     0.9994
10394.200      0.9954     0.9994
10394.300      0.9924     0.9994
10394.400      0.9906     0.9994
10394.500      0.9930     0.9994
10394.600      0.9956     0.9994
10394.700      0.9982     0.9994
10394.800      1.0003     0.9994
10394.900      1.0016     0.9994
10395.000      1.0021     0.9994
10395.100      1.0019     0.9994
10395.200      1.0014     0.9995
10395.300      1.0012     0.9995
10395.400      1.0011     0.9994
10395.500      0.9984     0.9993
10395.600      0.9956     0.9992
10395.700      0.9944     0.9990
10395.800      0.9933     0.9990
10395.900      0.9921     0.9991
10396.000      0.9908     0.9992
10396.100      0.9894     0.9994
10396.200      0.9866     0.9994
10396.300      0.9839     0.9995
10396.400      0.9829     0.9995
10396.500      0.9843     0.9994
10396.600      0.9870     0.9994
10396.700      0.9896     0.9994
10396.800      0.9919     0.9994
10396.900      0.9928     0.9994
10397.000      0.9929     0.9994
10397.100      0.9924     0.9995
10397.200      0.9931     0.9995
10397.300      0.9953     0.9995
10397.400      0.9978     0.9994
10397.500      1.0003     0.9994
10397.600      0.9993     0.9993
10397.700      0.9985     0.9993
10397.800      0.9980     0.9993
10397.900      0.9974     0.9994
10398.000      0.9965     0.9994
10398.100      0.9950     0.9994
10398.200      0.9937     0.9994
10398.300      0.9938     0.9994
10398.400      0.9923     0.9994
10398.500      0.9881     0.9994
10398.600      0.9851     0.9994
10398.700      0.9850     0.9994
10398.800      0.9904     0.9994
10398.900      0.9961     0.9994
10399.000      0.9999     0.9994
10399.100      0.9997     0.9993
10399.200      0.9963     0.9993
10399.300      0.9943     0.9993
10399.400      0.9942     0.9993
10399.500      0.9962     0.9993
10399.600      0.9979     0.9994
10399.700      0.9972     0.9994
10399.800      0.9936     0.9994
10399.900      0.9884     0.9994
10400.000      0.9879     0.9994
10400.100      0.9895     0.9994
10400.200      0.9916     0.9994
10400.300      0.9935     0.9994
10400.400      0.9951     0.9994
10400.500      0.9965     0.9994
10400.600      0.9977     0.9994
10400.700      0.9956     0.9993
10400.800      0.9931     0.9992
10400.900      0.9933     0.9991
10401.000      0.9944     0.9989
10401.100      0.9958     0.9985
10401.200      0.9964     0.9977
10401.300      0.9957     0.9969
10401.400      0.9939     0.9963
10401.500      0.9926     0.9965
10401.600      0.9939     0.9973
10401.700      0.9954     0.9982
10401.800      0.9969     0.9989
10401.900      0.9970     0.9992
10402.000      0.9957     0.9993
10402.100      0.9936     0.9994
10402.200      0.9929     0.9994
10402.300      0.9971     0.9994
10402.400      1.0003     0.9992
10402.500      1.0015     0.9987
10402.600      1.0011     0.9975
10402.700      1.0000     0.9960
10402.800      0.9986     0.9950
10402.900      0.9971     0.9953
10403.000      0.9955     0.9967
10403.100      0.9942     0.9981
10403.200      0.9935     0.9990
10403.300      0.9961     0.9993
10403.400      0.9993     0.9994
10403.500      1.0013     0.9994
10403.600      1.0022     0.9994
10403.700      1.0014     0.9994
10403.800      0.9987     0.9993
10403.900      0.9954     0.9993
10404.000      0.9970     0.9993
10404.100      0.9989     0.9993
10404.200      0.9992     0.9993
10404.300      0.9989     0.9993
10404.400      0.9986     0.9992
10404.500      0.9986     0.9987
10404.600      0.9990     0.9972
10404.700      0.9996     0.9938
10404.800      1.0005     0.9880
10404.900      1.0016     0.9816
10405.000      1.0013     0.9785
10405.100      0.9996     0.9809
10405.200      0.9977     0.9871
10405.300      0.9959     0.9933
10405.400      0.9965     0.9971
10405.500      0.9985     0.9988
10405.600      1.0013     0.9993
10405.700      1.0019     0.9994
10405.800      1.0006     0.9994
10405.900      0.9992     0.9994
10406.000      0.9981     0.9994
10406.100      0.9998     0.9994
10406.200      1.0006     0.9994
10406.300      0.9998     0.9993
10406.400      0.9994     0.9993
10406.500      0.9997     0.9992
10406.600      1.0028     0.9990
10406.700      1.0059     0.9984
10406.800      1.0068     0.9974
10406.900      1.0044     0.9959
10407.000      0.9998     0.9950
10407.100      0.9984     0.9951
10407.200      0.9994     0.9963
10407.300      1.0013     0.9977
10407.400      1.0025     0.9986
10407.500      1.0013     0.9991
10407.600      0.9999     0.9993
10407.700      0.9983     0.9993
10407.800      0.9963     0.9994
10407.900      0.9938     0.9994
10408.000      0.9911     0.9994
10408.100      0.9884     0.9994
10408.200      0.9863     0.9994
10408.300      0.9895     0.9993
10408.400      0.9965     0.9992
10408.500      0.9997     0.9989
10408.600      1.0003     0.9983
10408.700      0.9995     0.9971
10408.800      0.9990     0.9955
10408.900      0.9990     0.9944
10409.000      0.9991     0.9944
10409.100      0.9991     0.9955
10409.200      0.9967     0.9970
10409.300      0.9946     0.9982
10409.400      0.9965     0.9989
10409.500      0.9977     0.9992
10409.600      0.9979     0.9993
10409.700      0.9989     0.9994
10409.800      1.0007     0.9994
10409.900      1.0028     0.9994
10410.000      1.0041     0.9995
10410.100      1.0024     0.9995
10410.200      1.0008     0.9995
10410.300      0.9994     0.9995
10410.400      0.9991     0.9995
10410.500      0.9992     0.9994
10410.600      0.9994     0.9993
10410.700      0.9995     0.9992
10410.800      0.9994     0.9990
10410.900      1.0004     0.9989
10411.000      1.0024     0.9990
10411.100      1.0029     0.9991
10411.200      1.0021     0.9993
10411.300      1.0005     0.9994
10411.400      0.9987     0.9995
10411.500      0.9967     0.9995
10411.600      0.9935     0.9995
10411.700      0.9898     0.9995
10411.800      0.9888     0.9995
10411.900      0.9898     0.9995
10412.000      0.9924     0.9995
10412.100      0.9949     0.9995
10412.200      0.9968     0.9995
10412.300      0.9971     0.9995
10412.400      0.9967     0.9995
10412.500      0.9961     0.9995
10412.600      0.9956     0.9995
10412.700      0.9960     0.9995
10412.800      0.9981     0.9995
10412.900      1.0013     0.9995
10413.000      1.0032     0.9995
10413.100      1.0033     0.9994
10413.200      1.0011     0.9994
10413.300      0.9992     0.9992
10413.400      0.9984     0.9990
10413.500      0.9978     0.9987
10413.600      0.9974     0.9986
10413.700      0.9986     0.9987
10413.800      1.0001     0.9990
10413.900      0.9990     0.9992
10414.000      0.9969     0.9994
10414.100      0.9943     0.9995
10414.200      0.9937     0.9995
10414.300      0.9953     0.9995
10414.400      0.9979     0.9995
10414.500      1.0003     0.9995
10414.600      1.0000     0.9994
10414.700      0.9986     0.9994
10414.800      0.9962     0.9993
10414.900      0.9918     0.9993
10415.000      0.9868     0.9993
10415.100      0.9845     0.9994
10415.200      0.9864     0.9994
10415.300      0.9938     0.9994
10415.400      0.9997     0.9995
10415.500      1.0018     0.9995
10415.600      0.9998     0.9995
10415.700      0.9970     0.9995
10415.800      0.9978     0.9995
10415.900      0.9978     0.9995
10416.000      0.9953     0.9995
10416.100      0.9933     0.9994
10416.200      0.9930     0.9993
10416.300      0.9960     0.9992
10416.400      0.9994     0.9991
10416.500      0.9992     0.9990
10416.600      0.9970     0.9991
10416.700      0.9939     0.9992
10416.800      0.9910     0.9993
10416.900      0.9882     0.9994
10417.000      0.9847     0.9994
10417.100      0.9821     0.9994
10417.200      0.9873     0.9994
10417.300      0.9920     0.9994
10417.400      0.9945     0.9994
10417.500      0.9942     0.9994
10417.600      0.9929     0.9993
10417.700      0.9934     0.9992
10417.800      0.9933     0.9991
10417.900      0.9901     0.9991
10418.000      0.9902     0.9991
10418.100      0.9944     0.9993
10418.200      0.9967     0.9993
10418.300      0.9982     0.9994
10418.400      1.0005     0.9994
10418.500      1.0032     0.9993
10418.600      1.0062     0.9993
10418.700      1.0062     0.9993
10418.800      1.0035     0.9993
10418.900      1.0014     0.9993
10419.000      1.0001     0.9993
10419.100      0.9995     0.9993
10419.200      0.9989     0.9993
10419.300      0.9985     0.9993
10419.400      0.9990     0.9993
10419.500      1.0002     0.9993
10419.600      1.0010     0.9993
10419.700      1.0017     0.9993
10419.800      1.0023     0.9993
10419.900      1.0030     0.9993
10420.000      1.0035     0.9993
10420.100      1.0035     0.9992
10420.200      1.0034     0.9992
10420.300      1.0052     0.9992
10420.400      1.0070     0.9992
10420.500      1.0074     0.9992
10420.600      1.0062     0.9992
10420.700      1.0041     0.9992
10420.800      1.0016     0.9992
10420.900      0.9991     0.9992
10421.000      0.9973     0.9993
10421.100      0.9970     0.9993
10421.200      0.9988     0.9993
10421.300      1.0002     0.9994
10421.400      1.0006     0.9994
10421.500      0.9997     0.9994
10421.600      0.9986     0.9994
10421.700      0.9984     0.9994
10421.800      0.9998     0.9994
10421.900      1.0027     0.9994
10422.000      1.0046     0.9994
10422.100      1.0047     0.9994
10422.200      1.0027     0.9994
10422.300      1.0007     0.9994
10422.400      1.0011     0.9994
10422.500      1.0028     0.9994
10422.600      1.0052     0.9994
10422.700      1.0074     0.9995
10422.800      1.0090     0.9994
10422.900      1.0038     0.9994
10423.000      0.9982     0.9994
10423.100      0.9953     0.9994
10423.200      0.9959     0.9994
10423.300      0.9988     0.9994
10423.400      0.9984     0.9994
10423.500      0.9966     0.9993
10423.600      0.9972     0.9991
10423.700      0.9987     0.9990
10423.800      1.0007     0.9989
10423.900      1.0012     0.9991
10424.000      1.0005     0.9992
10424.100      1.0022     0.9994
10424.200      1.0047     0.9994
10424.300      1.0039     0.9994
10424.400      1.0015     0.9994
10424.500      0.9982     0.9994
10424.600      0.9978     0.9994
10424.700      0.9996     0.9994
10424.800      1.0004     0.9994
10424.900      1.0006     0.9993
10425.000      1.0008     0.9993
10425.100      1.0021     0.9992
10425.200      1.0054     0.9989
10425.300      1.0052     0.9986
10425.400      1.0024     0.9982
10425.500      0.9992     0.9980
10425.600      0.9965     0.9980
10425.700      0.9970     0.9982
10425.800      0.9989     0.9985
10425.900      1.0013     0.9985
10426.000      1.0006     0.9982
10426.100      0.9987     0.9974
10426.200      0.9978     0.9958
10426.300      0.9980     0.9933
10426.400      0.9989     0.9908
10426.500      0.9992     0.9898
10426.600      0.9986     0.9909
10426.700      1.0004     0.9935
10426.800      1.0027     0.9959
10426.900      1.0008     0.9976
10427.000      0.9975     0.9984
10427.100      0.9936     0.9988
10427.200      0.9919     0.9990
10427.300      0.9934     0.9991
10427.400      0.9964     0.9991
10427.500      0.9993     0.9990
10427.600      1.0002     0.9991
10427.700      0.9999     0.9992
10427.800      0.9986     0.9993
10427.900      0.9953     0.9994
10428.000      0.9913     0.9994
10428.100      0.9918     0.9994
10428.200      0.9927     0.9994
10428.300      0.9920     0.9994
10428.400      0.9883     0.9995
10428.500      0.9823     0.9995
10428.600      0.9834     0.9995
10428.700      0.9877     0.9995
10428.800      0.9892     0.9995
10428.900      0.9907     0.9995
10429.000      0.9928     0.9995
10429.100      0.9946     0.9995
10429.200      0.9957     0.9995
10429.300      0.9931     0.9995
10429.400      0.9895     0.9995
10429.500      0.9895     0.9995
10429.600      0.9910     0.9995
10429.700      0.9931     0.9995
10429.800      0.9952     0.9995
10429.900      0.9966     0.9995
10430.000      0.9956     0.9995
10430.100      0.9924     0.9995
10430.200      0.9874     0.9995
10430.300      0.9847     0.9995
10430.400      0.9865     0.9995
10430.500      0.9878     0.9995
10430.600      0.9880     0.9995
10430.700      0.9865     0.9995
10430.800      0.9855     0.9995
10430.900      0.9878     0.9995
10431.000      0.9902     0.9995
10431.100      0.9925     0.9995
10431.200      0.9954     0.9995
10431.300      0.9987     0.9995
10431.400      0.9988     0.9995
10431.500      0.9974     0.9995
10431.600      0.9950     0.9995
10431.700      0.9915     0.9995
10431.800      0.9877     0.9995
10431.900      0.9854     0.9995
10432.000      0.9852     0.9995
10432.100      0.9872     0.9995
10432.200      0.9883     0.9995
10432.300      0.9862     0.9994
10432.400      0.9835     0.9993
10432.500      0.9806     0.9991
10432.600      0.9813     0.9990
10432.700      0.9853     0.9990
10432.800      0.9917     0.9991
10432.900      0.9953     0.9993
10433.000      0.9933     0.9994
10433.100      0.9932     0.9995
10433.200      0.9948     0.9995
10433.300      0.9968     0.9995
10433.400      0.9984     0.9995
10433.500      0.9957     0.9995
10433.600      0.9912     0.9995
10433.700      0.9859     0.9995
10433.800      0.9861     0.9995
10433.900      0.9891     0.9995
10434.000      0.9916     0.9995
10434.100      0.9940     0.9995
10434.200      0.9963     0.9995
10434.300      0.9977     0.9995
10434.400      0.9981     0.9995
10434.500      0.9994     0.9995
10434.600      1.0010     0.9995
10434.700      1.0020     0.9995
10434.800      1.0018     0.9995
10434.900      1.0000     0.9995
10435.000      0.9990     0.9995
10435.100      0.9988     0.9994
10435.200      0.9967     0.9992
10435.300      0.9941     0.9991
10435.400      0.9927     0.9991
10435.500      0.9926     0.9992
10435.600      0.9934     0.9994
10435.700      0.9930     0.9995
10435.800      0.9919     0.9995
10435.900      0.9919     0.9995
10436.000      0.9919     0.9995
10436.100      0.9911     0.9995
10436.200      0.9908     0.9995
10436.300      0.9912     0.9995
10436.400      0.9908     0.9995
10436.500      0.9900     0.9995
10436.600      0.9892     0.9995
10436.700      0.9892     0.9995
10436.800      0.9918     0.9995
10436.900      0.9914     0.9995
10437.000      0.9876     0.9994
10437.100      0.9870     0.9993
10437.200      0.9884     0.9993
10437.300      0.9905     0.9993
10437.400      0.9915     0.9994
10437.500      0.9895     0.9995
10437.600      0.9878     0.9995
10437.700      0.9870     0.9995
10437.800      0.9880     0.9995
10437.900      0.9899     0.9995
10438.000      0.9922     0.9995
10438.100      0.9938     0.9995
10438.200      0.9931     0.9995
10438.300      0.9905     0.9995
10438.400      0.9872     0.9995
10438.500      0.9847     0.9994
10438.600      0.9831     0.9994
10438.700      0.9823     0.9993
10438.800      0.9814     0.9992
10438.900      0.9801     0.9992
10439.000      0.9821     0.9993
10439.100      0.9857     0.9994
10439.200      0.9867     0.9994
10439.300      0.9866     0.9994
10439.400      0.9858     0.9993
10439.500      0.9863     0.9993
10439.600      0.9890     0.9994
10439.700      0.9929     0.9995
10439.800      0.9971     0.9995
10439.900      0.9951     0.9995
10440.000      0.9925     0.9995
10440.100      0.9897     0.9995
10440.200      0.9873     0.9995
10440.300      0.9853     0.9995
10440.400      0.9827     0.9995
10440.500      0.9804     0.9995
10440.600      0.9852     0.9995
10440.700      0.9897     0.9995
10440.800      0.9933     0.9995
10440.900      0.9949     0.9995
10441.000      0.9955     0.9995
10441.100      0.9964     0.9994
10441.200      0.9969     0.9993
10441.300      0.9944     0.9992
10441.400      0.9923     0.9990
10441.500      0.9911     0.9990
10441.600      0.9902     0.9991
10441.700      0.9893     0.9993
10441.800      0.9880     0.9994
10441.900      0.9873     0.9995
10442.000      0.9889     0.9995
10442.100      0.9896     0.9995
10442.200      0.9889     0.9995
10442.300      0.9911     0.9995
10442.400      0.9945     0.9994
10442.500      0.9926     0.9993
10442.600      0.9912     0.9993
10442.700      0.9926     0.9993
10442.800      0.9965     0.9994
10442.900      1.0014     0.9994
10443.000      1.0035     0.9995
10443.100      1.0046     0.9995
10443.200      1.0056     0.9995
10443.300      1.0051     0.9995
10443.400      1.0015     0.9995
10443.500      0.9987     0.9995
10443.600      0.9974     0.9995
10443.700      0.9980     0.9995
10443.800      0.9996     0.9995
10443.900      1.0015     0.9995
10444.000      1.0022     0.9995
10444.100      1.0009     0.9995
10444.200      1.0004     0.9995
10444.300      1.0004     0.9995
10444.400      1.0005     0.9995
10444.500      1.0003     0.9995
10444.600      0.9987     0.9995
10444.700      0.9985     0.9995
10444.800      1.0000     0.9995
10444.900      1.0002     0.9995
10445.000      0.9999     0.9995
10445.100      1.0010     0.9995
10445.200      1.0020     0.9995
10445.300      1.0018     0.9995
10445.400      1.0005     0.9995
10445.500      0.9986     0.9994
10445.600      0.9996     0.9994
10445.700      1.0026     0.9994
10445.800      1.0064     0.9993
10445.900      1.0060     0.9990
10446.000      0.9961     0.9984
10446.100      0.9886     0.9972
10446.200      0.9865     0.9954
10446.300      0.9910     0.9936
10446.400      0.9958     0.9929
10446.500      0.9947     0.9937
10446.600      0.9939     0.9956
10446.700      0.9944     0.9973
10446.800      0.9967     0.9985
10446.900      0.9996     0.9990
10447.000      1.0007     0.9992
10447.100      0.9988     0.9993
10447.200      0.9931     0.9993
10447.300      0.9905     0.9993
10447.400      0.9917     0.9993
10447.500      0.9929     0.9992
10447.600      0.9939     0.9991
10447.700      0.9941     0.9991
10447.800      0.9943     0.9990
10447.900      0.9950     0.9987
10448.000      0.9955     0.9982
10448.100      0.9957     0.9972
10448.200      0.9954     0.9956
10448.300      0.9951     0.9937
10448.400      0.9985     0.9926
10448.500      1.0008     0.9931
10448.600      1.0002     0.9947
10448.700      0.9987     0.9966
10448.800      0.9971     0.9978
10448.900      0.9995     0.9984
10449.000      1.0025     0.9987
10449.100      1.0018     0.9989
10449.200      0.9983     0.9990
10449.300      0.9934     0.9991
10449.400      0.9929     0.9988
10449.500      0.9951     0.9974
10449.600      0.9967     0.9934
10449.700      0.9979     0.9859
10449.800      0.9987     0.9767
10449.900      0.9998     0.9706
10450.000      1.0013     0.9722
10450.100      1.0013     0.9801
10450.200      0.9990     0.9892
10450.300      0.9940     0.9954
10450.400      0.9913     0.9982
10450.500      0.9970     0.9991
10450.600      0.9998     0.9994
10450.700      0.9984     0.9994
10450.800      0.9956     0.9994
10450.900      0.9928     0.9994
10451.000      0.9963     0.9994
10451.100      0.9982     0.9994
10451.200      0.9963     0.9994
10451.300      0.9945     0.9994
10451.400      0.9930     0.9993
10451.500      0.9925     0.9993
10451.600      0.9937     0.9992
10451.700      0.9973     0.9992
10451.800      0.9990     0.9991
10451.900      0.9973     0.9991
10452.000      0.9963     0.9989
10452.100      0.9960     0.9988
10452.200      0.9958     0.9983
10452.300      0.9967     0.9973
10452.400      1.0012     0.9945
10452.500      1.0041     0.9886
10452.600      1.0029     0.9789
10452.700      0.9989     0.9679
10452.800      0.9942     0.9614
10452.900      0.9949     0.9636
10453.000      0.9957     0.9731
10453.100      0.9963     0.9841
10453.200      0.9956     0.9920
10453.300      0.9935     0.9962
10453.400      0.9912     0.9979
10453.500      0.9889     0.9986
10453.600      0.9900     0.9988
10453.700      0.9908     0.9988
10453.800      0.9906     0.9988
10453.900      0.9904     0.9987
10454.000      0.9901     0.9987
10454.100      0.9897     0.9988
10454.200      0.9894     0.9989
10454.300      0.9900     0.9990
10454.400      0.9914     0.9991
10454.500      0.9935     0.9990
10454.600      0.9958     0.9989
10454.700      0.9982     0.9988
10454.800      0.9995     0.9983
10454.900      1.0007     0.9965
10455.000      1.0028     0.9897
10455.100      1.0032     0.9702
10455.200      1.0004     0.9302
10455.300      0.9963     0.8755
10455.400      0.9921     0.8339
10455.500      0.9957     0.8343
10455.600      0.9997     0.8764
10455.700      1.0026     0.9308
10455.800      1.0023     0.9703
10455.900      0.9995     0.9894
10456.000      0.9974     0.9960
10456.100      0.9961     0.9978
10456.200      0.9956     0.9979
10456.300      0.9965     0.9961
10456.400      0.9986     0.9895
10456.500      0.9999     0.9743
10456.600      1.0003     0.9512
10456.700      1.0019     0.9316
10456.800      1.0037     0.9302
10456.900      1.0032     0.9481
10457.000      1.0015     0.9718
10457.100      0.9993     0.9885
10457.200      0.9996     0.9961
10457.300      1.0015     0.9985
10457.400      0.9985     0.9991
10457.500      0.9948     0.9993
10457.600      0.9927     0.9993
10457.700      0.9929     0.9993
10457.800      0.9947     0.9993
10457.900      0.9948     0.9993
10458.000      0.9940     0.9992
10458.100      0.9952     0.9992
10458.200      0.9963     0.9992
10458.300      0.9961     0.9992
10458.400      0.9931     0.9992
10458.500      0.9870     0.9992
10458.600      0.9795     0.9991
10458.700      0.9718     0.9990
10458.800      0.9707     0.9984
10458.900      0.9695     0.9961
10459.000      0.9683     0.9878
10459.100      0.9678     0.9662
10459.200      0.9681     0.9272
10459.300      0.9678     0.8832
10459.400      0.9663     0.8615
10459.500      0.9624     0.8788
10459.600      0.9590     0.9217
10459.700      0.9570     0.9623
10459.800      0.9560     0.9860
10459.900      0.9552     0.9953
10460.000      0.9536     0.9979
10460.100      0.9531     0.9982
10460.200      0.9607     0.9978
10460.300      0.9684     0.9968
10460.400      0.9760     0.9955
10460.500      0.9816     0.9946
10460.600      0.9863     0.9946
10460.700      0.9916     0.9957
10460.800      0.9953     0.9971
10460.900      0.9922     0.9981
10461.000      0.9894     0.9987
10461.100      0.9876     0.9990
10461.200      0.9887     0.9992
10461.300      0.9908     0.9993
10461.400      0.9887     0.9993
10461.500      0.9885     0.9994
10461.600      0.9939     0.9994
10461.700      0.9988     0.9994
10461.800      1.0026     0.9994
10461.900      1.0046     0.9994
10462.000      1.0051     0.9995
10462.100      1.0044     0.9995
10462.200      1.0018     0.9995
10462.300      0.9977     0.9995
10462.400      0.9963     0.9995
10462.500      0.9969     0.9994
10462.600      0.9938     0.9992
10462.700      0.9887     0.9984
10462.800      0.9827     0.9970
10462.900      0.9796     0.9954
10463.000      0.9816     0.9948
10463.100      0.9842     0.9957
10463.200      0.9868     0.9974
10463.300      0.9846     0.9987
10463.400      0.9827     0.9993
10463.500      0.9848     0.9995
10463.600      0.9864     0.9995
10463.700      0.9864     0.9995
10463.800      0.9828     0.9995
10463.900      0.9783     0.9993
10464.000      0.9779     0.9990
10464.100      0.9789     0.9984
10464.200      0.9807     0.9977
10464.300      0.9838     0.9973
10464.400      0.9874     0.9976
10464.500      0.9889     0.9983
10464.600      0.9901     0.9989
10464.700      0.9973     0.9993
10464.800      1.0029     0.9995
10464.900      1.0038     0.9995
10465.000      1.0032     0.9995
10465.100      1.0022     0.9995
10465.200      1.0015     0.9995
10465.300      1.0014     0.9995
10465.400      1.0017     0.9995
10465.500      1.0007     0.9995
10465.600      0.9974     0.9995
10465.700      0.9937     0.9995
10465.800      0.9899     0.9995
10465.900      0.9928     0.9995
10466.000      0.9964     0.9995
10466.100      1.0001     0.9995
10466.200      1.0035     0.9995
10466.300      1.0054     0.9995
10466.400      1.0025     0.9995
10466.500      0.9980     0.9995
10466.600      0.9998     0.9995
10466.700      1.0017     0.9995
10466.800      1.0029     0.9995
10466.900      1.0025     0.9995
10467.000      1.0011     0.9995
10467.100      1.0013     0.9995
10467.200      1.0032     0.9995
10467.300      1.0067     0.9995
10467.400      1.0078     0.9994
10467.500      1.0034     0.9994
10467.600      1.0033     0.9994
10467.700      1.0063     0.9994
10467.800      1.0079     0.9995
10467.900      1.0069     0.9995
10468.000      1.0018     0.9995
10468.100      0.9987     0.9995
10468.200      0.9994     0.9994
10468.300      1.0012     0.9994
10468.400      1.0031     0.9993
10468.500      1.0011     0.9992
10468.600      0.9992     0.9987
10468.700      1.0005     0.9979
10468.800      1.0004     0.9971
10468.900      0.9984     0.9969
10469.000      0.9969     0.9975
10469.100      0.9963     0.9984
10469.200      0.9984     0.9989
10469.300      0.9998     0.9987
10469.400      0.9985     0.9975
10469.500      0.9973     0.9956
10469.600      0.9966     0.9939
10469.700      0.9976     0.9937
10469.800      0.9990     0.9947
10469.900      0.9971     0.9959
10470.000      0.9939     0.9965
10470.100      0.9902     0.9970
10470.200      0.9911     0.9975
10470.300      0.9956     0.9978
10470.400      0.9972     0.9972
10470.500      0.9973     0.9949
10470.600      0.9970     0.9893
10470.700      0.9976     0.9785
10470.800      1.0000     0.9636
10470.900      1.0002     0.9505
10471.000      0.9990     0.9471
10471.100      0.9992     0.9558
10471.200      0.9992     0.9707
10471.300      0.9978     0.9842
10471.400      0.9975     0.9924
10471.500      0.9989     0.9962
10471.600      0.9986     0.9976
10471.700      0.9976     0.9978
10471.800      0.9991     0.9973
10471.900      1.0005     0.9964
10472.000      1.0012     0.9958
10472.100      1.0012     0.9959
10472.200      1.0009     0.9967
10472.300      1.0013     0.9977
10472.400      1.0020     0.9986
10472.500      1.0012     0.9990
10472.600      1.0001     0.9992
10472.700      0.9989     0.9993
10472.800      0.9984     0.9994
10472.900      0.9990     0.9994
10473.000      1.0002     0.9994
10473.100      1.0006     0.9994
10473.200      0.9928     0.9994
10473.300      0.9894     0.9994
10473.400      0.9938     0.9994
10473.500      0.9977     0.9994
10473.600      1.0001     0.9994
10473.700      0.9969     0.9994
10473.800      0.9927     0.9994
10473.900      0.9883     0.9994
10474.000      0.9848     0.9993
10474.100      0.9843     0.9992
10474.200      0.9878     0.9987
10474.300      0.9923     0.9978
10474.400      0.9947     0.9961
10474.500      0.9961     0.9940
10474.600      0.9970     0.9926
10474.700      0.9947     0.9927
10474.800      0.9901     0.9943
10474.900      0.9880     0.9964
10475.000      0.9884     0.9980
10475.100      0.9908     0.9988
10475.200      0.9917     0.9992
10475.300      0.9891     0.9993
10475.400      0.9873     0.9992
10475.500      0.9871     0.9992
10475.600      0.9884     0.9992
10475.700      0.9898     0.9992
10475.800      0.9893     0.9993
10475.900      0.9904     0.9994
10476.000      0.9947     0.9995
10476.100      0.9954     0.9995
10476.200      0.9937     0.9995
10476.300      0.9943     0.9995
10476.400      0.9951     0.9995
10476.500      0.9954     0.9995
10476.600      0.9959     0.9995
10476.700      0.9968     0.9995
10476.800      0.9965     0.9995
10476.900      0.9953     0.9995
10477.000      0.9937     0.9995
10477.100      0.9922     0.9995
10477.200      0.9912     0.9995
10477.300      0.9915     0.9995
10477.400      0.9929     0.9995
10477.500      0.9922     0.9995
10477.600      0.9908     0.9995
10477.700      0.9930     0.9995
10477.800      0.9951     0.9994
10477.900      0.9967     0.9993
10478.000      0.9952     0.9992
10478.100      0.9915     0.9993
10478.200      0.9903     0.9993
10478.300      0.9906     0.9994
10478.400      0.9916     0.9995
10478.500      0.9926     0.9995
10478.600      0.9928     0.9995
10478.700      0.9917     0.9995
10478.800      0.9899     0.9995
10478.900      0.9884     0.9995
10479.000      0.9878     0.9995
10479.100      0.9896     0.9995
10479.200      0.9910     0.9995
10479.300      0.9910     0.9995
10479.400      0.9901     0.9995
10479.500      0.9891     0.9995
10479.600      0.9911     0.9995
10479.700      0.9926     0.9995
10479.800      0.9911     0.9995
10479.900      0.9891     0.9995
10480.000      0.9869     0.9994
10480.100      0.9883     0.9994
10480.200      0.9909     0.9994
10480.300      0.9935     0.9995
10480.400      0.9957     0.9994
10480.500      0.9964     0.9994
10480.600      0.9959     0.9991
10480.700      0.9948     0.9985
10480.800      0.9943     0.9974
10480.900      0.9939     0.9962
10481.000      0.9932     0.9954
10481.100      0.9915     0.9957
10481.200      0.9882     0.9968
10481.300      0.9866     0.9980
10481.400      0.9870     0.9988
10481.500      0.9879     0.9992
10481.600      0.9899     0.9994
10481.700      0.9938     0.9995
10481.800      0.9977     0.9995
10481.900      1.0014     0.9995
10482.000      1.0016     0.9995
10482.100      1.0001     0.9995
10482.200      0.9986     0.9995
10482.300      0.9971     0.9995
10482.400      0.9957     0.9995
10482.500      0.9958     0.9995
10482.600      0.9975     0.9994
10482.700      0.9988     0.9992
10482.800      0.9997     0.9991
10482.900      1.0001     0.9991
10483.000      1.0002     0.9992
10483.100      1.0000     0.9993
10483.200      0.9993     0.9994
10483.300      0.9977     0.9995
10483.400      0.9925     0.9995
10483.500      0.9868     0.9995
10483.600      0.9860     0.9995
10483.700      0.9905     0.9995
10483.800      0.9989     0.9995
10483.900      1.0019     0.9995
10484.000      1.0011     0.9995
10484.100      1.0007     0.9995
10484.200      1.0008     0.9995
10484.300      1.0021     0.9995
10484.400      1.0034     0.9995
10484.500      1.0042     0.9995
10484.600      1.0031     0.9995
10484.700      1.0011     0.9995
10484.800      1.0012     0.9995
10484.900      1.0012     0.9995
10485.000      0.9998     0.9995
10485.100      0.9986     0.9995
10485.200      0.9976     0.9994
10485.300      0.9974     0.9994
10485.400      0.9976     0.9994
10485.500      0.9947     0.9993
10485.600      0.9938     0.9991
10485.700      0.9986     0.9986
10485.800      1.0022     0.9979
10485.900      1.0038     0.9969
10486.000      1.0039     0.9957
10486.100      1.0038     0.9933
10486.200      1.0036     0.9894
10486.300      1.0021     0.9848
10486.400      0.9977     0.9823
10486.500      0.9978     0.9836
10486.600      1.0011     0.9881
10486.700      1.0035     0.9930
10486.800      1.0041     0.9964
10486.900      1.0018     0.9982
10487.000      1.0006     0.9989
10487.100      1.0012     0.9992
10487.200      1.0007     0.9993
10487.300      0.9997     0.9994
10487.400      1.0029     0.9994
10487.500      1.0063     0.9994
10487.600      1.0080     0.9994
10487.700      1.0072     0.9995
10487.800      1.0049     0.9995
10487.900      1.0035     0.9995
10488.000      1.0025     0.9994
10488.100      1.0006     0.9991
10488.200      0.9990     0.9985
10488.300      0.9991     0.9973
10488.400      1.0004     0.9962
10488.500      1.0022     0.9960
10488.600      1.0042     0.9969
10488.700      1.0061     0.9981
10488.800      1.0055     0.9990
10488.900      1.0025     0.9994
10489.000      0.9977     0.9995
10489.100      0.9960     0.9995
10489.200      0.9988     0.9995
10489.300      1.0047     0.9995
10489.400      1.0105     0.9994
10489.500      1.0118     0.9994
10489.600      1.0099     0.9993
10489.700      1.0065     0.9990
10489.800      1.0035     0.9985
10489.900      1.0020     0.9973
10490.000      1.0039     0.9956
10490.100      1.0058     0.9940
10490.200      1.0057     0.9935
10490.300      1.0048     0.9945
10490.400      1.0037     0.9961
10490.500      1.0041     0.9975
10490.600      1.0052     0.9976
10490.700      1.0025     0.9960
10490.800      1.0003     0.9931
10490.900      1.0002     0.9908
10491.000      1.0011     0.9911
10491.100      1.0023     0.9937
10491.200      1.0017     0.9967
10491.300      1.0007     0.9986
10491.400      0.9997     0.9993
10491.500      0.9992     0.9995
10491.600      0.9998     0.9995
10491.700      1.0012     0.9995
10491.800      1.0028     0.9995
10491.900      1.0041     0.9995
10492.000      1.0046     0.9995
10492.100      1.0040     0.9995
10492.200      1.0045     0.9995
10492.300      1.0070     0.9995
10492.400      1.0049     0.9995
10492.500      1.0001     0.9995
10492.600      0.9964     0.9995
10492.700      0.9949     0.9995
10492.800      0.9971     0.9995
10492.900      0.9973     0.9995
10493.000      0.9947     0.9995
10493.100      0.9931     0.9995
10493.200      0.9931     0.9995
10493.300      0.9959     0.9995
10493.400      0.9985     0.9995
10493.500      0.9998     0.9995
10493.600      0.9988     0.9995
10493.700      0.9962     0.9995
10493.800      0.9953     0.9995
10493.900      0.9963     0.9995
10494.000      0.9994     0.9995
10494.100      1.0006     0.9995
10494.200      0.9974     0.9995
10494.300      0.9971     0.9995
10494.400      0.9991     0.9995
10494.500      0.9959     0.9995
10494.600      0.9916     0.9995
10494.700      0.9903     0.9995
10494.800      0.9931     0.9995
10494.900      0.9994     0.9995
10495.000      1.0023     0.9995
10495.100      1.0023     0.9995
10495.200      1.0013     0.9995
10495.300      1.0003     0.9995
10495.400      0.9996     0.9995
10495.500      0.9990     0.9995
10495.600      0.9985     0.9995
10495.700      0.9990     0.9995
10495.800      0.9998     0.9995
10495.900      0.9979     0.9995
10496.000      0.9970     0.9995
10496.100      1.0001     0.9995
10496.200      1.0021     0.9995
10496.300      1.0016     0.9995
10496.400      0.9983     0.9995
10496.500      0.9945     0.9995
10496.600      0.9950     0.9995
10496.700      0.9957     0.9995
10496.800      0.9963     0.9995
10496.900      0.9958     0.9995
10497.000      0.9941     0.9995
10497.100      0.9924     0.9995
10497.200      0.9909     0.9995
10497.300      0.9922     0.9995
10497.400      0.9935     0.9995
10497.500      0.9948     0.9995
10497.600      0.9953     0.9995
10497.700      0.9953     0.9995
10497.800      0.9957     0.9995
10497.900      0.9959     0.9995
10498.000      0.9948     0.9995
10498.100      0.9949     0.9995
10498.200      0.9966     0.9995
10498.300      0.9943     0.9995
10498.400      0.9902     0.9995
10498.500      0.9903     0.9994
10498.600      0.9925     0.9994
10498.700      0.9960     0.9995
10498.800      0.9973     0.9995
10498.900      0.9962     0.9995
10499.000      0.9967     0.9994
10499.100      0.9981     0.9994
10499.200      0.9998     0.9993
10499.300      1.0003     0.9992
10499.400      0.9976     0.9992
10499.500      0.9963     0.9993
10499.600      0.9971     0.9993
10499.700      0.9991     0.9992
10499.800      1.0010     0.9985
10499.900      0.9986     0.9964
10500.000      0.9962     0.9922
10500.100      0.9937     0.9862
10500.200      0.9955     0.9810
10500.300      1.0002     0.9802
10500.400      0.9986     0.9844
10500.500      0.9962     0.9906
10500.600      0.9943     0.9955
10500.700      0.9964     0.9980
10500.800      1.0034     0.9990
10500.900      1.0025     0.9991
10501.000      0.9977     0.9985
10501.100      0.9960     0.9956
10501.200      0.9969     0.9871
10501.300      0.9997     0.9707
10501.400      1.0025     0.9515
10501.500      1.0047     0.9423
10501.600      1.0037     0.9498
10501.700      1.0016     0.9653
10501.800      0.9999     0.9757
10501.900      0.9987     0.9778
10502.000      0.9990     0.9769
10502.100      1.0018     0.9786
10502.200      1.0058     0.9839
10502.300      1.0060     0.9901
10502.400      1.0055     0.9948
10502.500      1.0062     0.9974
10502.600      1.0074     0.9985
10502.700      1.0089     0.9990
10502.800      1.0072     0.9992
10502.900      1.0033     0.9993
10503.000      1.0012     0.9993
10503.100      1.0002     0.9994
10503.200      1.0001     0.9994
10503.300      1.0002     0.9994
10503.400      1.0004     0.9994
10503.500      1.0020     0.9994
10503.600      1.0042     0.9995
10503.700      1.0046     0.9995
10503.800      1.0049     0.9994
10503.900      1.0052     0.9994
10504.000      1.0048     0.9993
10504.100      1.0033     0.9992
10504.200      1.0025     0.9992
10504.300      1.0019     0.9993
10504.400      1.0010     0.9994
10504.500      1.0003     0.9994
10504.600      1.0004     0.9995
10504.700      0.9988     0.9995
10504.800      0.9957     0.9995
10504.900      0.9974     0.9995
10505.000      0.9998     0.9995
10505.100      0.9939     0.9995
10505.200      0.9903     0.9995
10505.300      0.9920     0.9995
10505.400      0.9947     0.9995
10505.500      0.9974     0.9995
10505.600      1.0001     0.9995
10505.700      1.0021     0.9995
10505.800      1.0003     0.9994
10505.900      0.9990     0.9994
10506.000      0.9996     0.9994
10506.100      1.0015     0.9994
10506.200      1.0038     0.9993
10506.300      1.0048     0.9992
10506.400      1.0044     0.9989
10506.500      1.0023     0.9976
10506.600      1.0019     0.9937
10506.700      1.0044     0.9847
10506.800      1.0085     0.9701
10506.900      1.0128     0.9553
10507.000      1.0112     0.9490
10507.100      1.0099     0.9560
10507.200      1.0090     0.9711
10507.300      1.0072     0.9854
10507.400      1.0045     0.9939
10507.500      1.0063     0.9974
10507.600      1.0093     0.9984
10507.700      1.0117     0.9987
10507.800      1.0128     0.9989
10507.900      1.0116     0.9991
10508.000      1.0097     0.9993
10508.100      1.0075     0.9993
10508.200      1.0057     0.9994
10508.300      1.0047     0.9993
10508.400      1.0053     0.9992
10508.500      1.0059     0.9992
10508.600      1.0059     0.9991
10508.700      1.0039     0.9991
10508.800      1.0011     0.9991
10508.900      0.9984     0.9991
10509.000      0.9975     0.9990
10509.100      1.0028     0.9989
10509.200      1.0043     0.9987
10509.300      1.0009     0.9980
10509.400      0.9985     0.9963
10509.500      0.9977     0.9924
10509.600      0.9994     0.9852
10509.700      1.0020     0.9758
10509.800      1.0049     0.9685
10509.900      1.0046     0.9678
10510.000      1.0011     0.9743
10510.100      0.9985     0.9837
10510.200      0.9966     0.9914
10510.300      0.9949     0.9959
10510.400      0.9947     0.9979
10510.500      0.9968     0.9986
10510.600      0.9986     0.9990
10510.700      0.9996     0.9991
10510.800      0.9987     0.9992
10510.900      0.9967     0.9993
10511.000      0.9943     0.9993
10511.100      0.9933     0.9993
10511.200      0.9949     0.9992
10511.300      0.9953     0.9990
10511.400      0.9950     0.9985
10511.500      0.9946     0.9979
10511.600      0.9941     0.9978
10511.700      0.9931     0.9981
10511.800      0.9941     0.9986
10511.900      0.9977     0.9991
10512.000      0.9990     0.9993
10512.100      0.9990     0.9994
10512.200      0.9987     0.9994
10512.300      0.9988     0.9994
10512.400      0.9995     0.9994
10512.500      0.9997     0.9994
10512.600      0.9993     0.9993
10512.700      1.0009     0.9993
10512.800      1.0029     0.9991
10512.900      1.0012     0.9985
10513.000      0.9998     0.9967
10513.100      0.9997     0.9924
10513.200      1.0009     0.9851
10513.300      1.0025     0.9767
10513.400      1.0019     0.9714
10513.500      1.0010     0.9711
10513.600      1.0005     0.9734
10513.700      0.9998     0.9753
10513.800      0.9989     0.9771
10513.900      1.0002     0.9809
10514.000      1.0027     0.9867
10514.100      1.0043     0.9923
10514.200      1.0034     0.9961
10514.300      0.9977     0.9980
10514.400      0.9957     0.9988
10514.500      0.9984     0.9991
10514.600      0.9999     0.9992
10514.700      0.9996     0.9993
10514.800      0.9975     0.9993
10514.900      0.9954     0.9993
10515.000      0.9940     0.9994
10515.100      0.9953     0.9994
10515.200      0.9987     0.9994
10515.300      0.9976     0.9994
10515.400      0.9952     0.9994
10515.500      0.9962     0.9994
10515.600      0.9962     0.9994
10515.700      0.9939     0.9994
10515.800      0.9919     0.9994
10515.900      0.9917     0.9994
10516.000      0.9979     0.9993
10516.100      1.0047     0.9993
10516.200      1.0060     0.9993
10516.300      1.0034     0.9993
10516.400      0.9987     0.9993
10516.500      0.9985     0.9993
10516.600      1.0007     0.9992
10516.700      1.0020     0.9992
10516.800      1.0013     0.9991
10516.900      0.9976     0.9989
10517.000      0.9946     0.9986
10517.100      0.9937     0.9979
10517.200      0.9956     0.9966
10517.300      0.9983     0.9945
10517.400      0.9969     0.9923
10517.500      0.9956     0.9911
10517.600      0.9952     0.9918
10517.700      0.9947     0.9939
10517.800      0.9941     0.9961
10517.900      0.9946     0.9975
10518.000      0.9952     0.9982
10518.100      0.9932     0.9983
10518.200      0.9928     0.9982
10518.300      0.9962     0.9982
10518.400      0.9973     0.9983
10518.500      0.9966     0.9986
10518.600      0.9979     0.9989
10518.700      0.9997     0.9991
10518.800      1.0014     0.9992
10518.900      1.0034     0.9992
10519.000      1.0060     0.9993
10519.100      1.0035     0.9993
10519.200      0.9979     0.9993
10519.300      0.9964     0.9993
10519.400      0.9973     0.9993
10519.500      0.9995     0.9993
10519.600      1.0001     0.9992
10519.700      0.9987     0.9992
10519.800      0.9990     0.9992
10519.900      1.0005     0.9990
10520.000      1.0023     0.9986
10520.100      1.0042     0.9972
10520.200      1.0063     0.9931
10520.300      1.0076     0.9842
10520.400      1.0081     0.9711
10520.500      1.0094     0.9593
10520.600      1.0110     0.9562
10520.700      1.0108     0.9640
10520.800      1.0096     0.9769
10520.900      1.0089     0.9870
10521.000      1.0082     0.9906
10521.100      1.0075     0.9866
10521.200      1.0069     0.9747
10521.300      1.0062     0.9563
10521.400      1.0055     1.0000
10521.500      1.0048     1.0000
10521.600      1.0041     1.0000
10521.700      1.0034     1.0000
10521.800      1.0027     1.0000
10521.900      1.0020     1.0000
10522.000      1.0014     1.0000
