# t09572g430x+000m0                                           
# 1006810327.kgf                                              
# data\m55.fits                                               
# xmin,xmax,dshft,yshift,fz:   9938.50  10456.50   0.00000   0.00000   1.00000
# vw,rp,ifabs:   0.0    28300.   0
#                                                                     
# wave(A)   obs.spec.  the.spec.  overplot1  overplot2  overplot3  overplot4
10068.000      0.9849     1.0000
10068.100      0.9855     1.0000
10068.200      0.9862     1.0000
10068.300      0.9868     1.0000
10068.400      0.9874     1.0000
10068.500      0.9881     1.0000
10068.600      0.9887     1.0000
10068.700      0.9893     0.8528
10068.800      0.9900     0.8537
10068.900      0.9906     0.8546
10069.000      0.9912     0.8553
10069.100      0.9918     0.8560
10069.200      0.9925     0.8567
10069.300      0.9931     0.8573
10069.400      0.9937     0.8580
10069.500      0.9944     0.8586
10069.600      0.9950     0.8593
10069.700      0.9956     0.8599
10069.800      0.9963     0.8605
10069.900      0.9950     0.8611
10070.000      0.9927     0.8617
10070.100      0.9948     0.8624
10070.200      0.9983     0.8630
10070.300      1.0021     0.8636
10070.400      1.0004     0.8643
10070.500      0.9936     0.8649
10070.600      0.9934     0.8655
10070.700      0.9957     0.8661
10070.800      0.9987     0.8667
10070.900      1.0001     0.8674
10071.000      0.9993     0.8680
10071.100      1.0003     0.8686
10071.200      1.0030     0.8692
10071.300      1.0068     0.8699
10071.400      1.0097     0.8706
10071.500      1.0092     0.8714
10071.600      1.0058     0.8721
10071.700      1.0017     0.8727
10071.800      0.9981     0.8733
10071.900      0.9963     0.8739
10072.000      0.9979     0.8745
10072.100      0.9981     0.8750
10072.200      0.9952     0.8756
10072.300      0.9898     0.8762
10072.400      0.9856     0.8767
10072.500      0.9946     0.8773
10072.600      1.0014     0.8778
10072.700      1.0037     0.8783
10072.800      1.0051     0.8789
10072.900      1.0055     0.8794
10073.000      1.0028     0.8800
10073.100      1.0011     0.8805
10073.200      1.0019     0.8811
10073.300      1.0024     0.8816
10073.400      1.0022     0.8821
10073.500      1.0006     0.8826
10073.600      0.9996     0.8832
10073.700      1.0016     0.8837
10073.800      1.0037     0.8842
10073.900      1.0057     0.8847
10074.000      1.0067     0.8853
10074.100      1.0074     0.8858
10074.200      1.0081     0.8863
10074.300      1.0071     0.8869
10074.400      1.0035     0.8875
10074.500      0.9996     0.8881
10074.600      0.9958     0.8888
10074.700      0.9948     0.8894
10074.800      0.9955     0.8899
10074.900      0.9977     0.8904
10075.000      1.0014     0.8909
10075.100      1.0057     0.8914
10075.200      1.0068     0.8919
10075.300      1.0055     0.8924
10075.400      1.0029     0.8928
10075.500      1.0009     0.8933
10075.600      1.0005     0.8938
10075.700      1.0015     0.8942
10075.800      1.0026     0.8947
10075.900      1.0023     0.8951
10076.000      1.0003     0.8953
10076.100      0.9973     0.8952
10076.200      0.9956     0.8948
10076.300      0.9964     0.8946
10076.400      1.0003     0.8951
10076.500      1.0038     0.8962
10076.600      1.0054     0.8975
10076.700      1.0064     0.8985
10076.800      1.0069     0.8992
10076.900      1.0066     0.8997
10077.000      1.0050     0.9001
10077.100      1.0016     0.9005
10077.200      1.0007     0.9008
10077.300      1.0025     0.9010
10077.400      1.0029     0.9011
10077.500      1.0020     0.9012
10077.600      1.0002     0.9011
10077.700      0.9973     0.9012
10077.800      0.9936     0.9015
10077.900      0.9912     0.9024
10078.000      0.9913     0.9036
10078.100      0.9955     0.9048
10078.200      0.9990     0.9056
10078.300      1.0002     0.9062
10078.400      1.0013     0.9067
10078.500      1.0025     0.9071
10078.600      1.0078     0.9075
10078.700      1.0132     0.9080
10078.800      1.0128     0.9084
10078.900      1.0104     0.9088
10079.000      1.0072     0.9092
10079.100      1.0039     0.9096
10079.200      1.0002     0.9100
10079.300      0.9954     0.9104
10079.400      0.9938     0.9108
10079.500      0.9987     0.9111
10079.600      1.0025     0.9115
10079.700      1.0043     0.9119
10079.800      1.0032     0.9123
10079.900      1.0005     0.9127
10080.000      0.9967     0.9131
10080.100      0.9878     0.9134
10080.200      0.9758     0.9138
10080.300      0.9680     0.9141
10080.400      0.9682     0.9145
10080.500      0.9807     0.9149
10080.600      0.9920     0.9153
10080.700      0.9993     0.9157
10080.800      1.0005     0.9160
10080.900      1.0003     0.9164
10081.000      1.0011     0.9168
10081.100      0.9987     0.9171
10081.200      0.9895     0.9175
10081.300      0.9846     0.9178
10081.400      0.9845     0.9182
10081.500      0.9865     0.9185
10081.600      0.9888     0.9189
10081.700      0.9913     0.9193
10081.800      0.9935     0.9196
10081.900      0.9947     0.9197
10082.000      0.9928     0.9192
10082.100      0.9903     0.9178
10082.200      0.9897     0.9161
10082.300      0.9916     0.9153
10082.400      0.9952     0.9163
10082.500      0.9990     0.9186
10082.600      1.0028     0.9208
10082.700      1.0061     0.9224
10082.800      1.0079     0.9232
10082.900      1.0052     0.9238
10083.000      0.9990     0.9241
10083.100      0.9918     0.9245
10083.200      0.9909     0.9248
10083.300      0.9912     0.9252
10083.400      0.9918     0.9255
10083.500      0.9952     0.9258
10083.600      1.0010     0.9261
10083.700      1.0031     0.9264
10083.800      1.0013     0.9267
10083.900      0.9963     0.9269
10084.000      0.9918     0.9269
10084.100      0.9882     0.9267
10084.200      0.9843     0.9265
10084.300      0.9803     0.9266
10084.400      0.9789     0.9273
10084.500      0.9812     0.9281
10084.600      0.9871     0.9289
10084.700      0.9927     0.9294
10084.800      0.9974     0.9297
10084.900      0.9996     0.9300
10085.000      1.0007     0.9302
10085.100      1.0012     0.9305
10085.200      1.0006     0.9309
10085.300      0.9994     0.9312
10085.400      0.9996     0.9315
10085.500      0.9999     0.9319
10085.600      0.9969     0.9322
10085.700      0.9954     0.9324
10085.800      0.9974     0.9327
10085.900      1.0006     0.9330
10086.000      1.0040     0.9334
10086.100      1.0056     0.9338
10086.200      1.0039     0.9342
10086.300      0.9988     0.9345
10086.400      0.9988     0.9349
10086.500      1.0027     0.9352
10086.600      1.0033     0.9354
10086.700      1.0034     0.9357
10086.800      1.0037     0.9360
10086.900      1.0059     0.9362
10087.000      1.0100     0.9365
10087.100      1.0098     0.9368
10087.200      1.0068     0.9370
10087.300      1.0026     0.9373
10087.400      0.9991     0.9375
10087.500      0.9978     0.9378
10087.600      0.9988     0.9380
10087.700      1.0014     0.9383
10087.800      1.0051     0.9385
10087.900      1.0084     0.9388
10088.000      1.0089     0.9390
10088.100      1.0044     0.9393
10088.200      0.9974     0.9395
10088.300      0.9993     0.9398
10088.400      1.0018     0.9400
10088.500      0.9988     0.9403
10088.600      0.9968     0.9405
10088.700      0.9981     0.9407
10088.800      1.0045     0.9410
10088.900      1.0116     0.9412
10089.000      1.0086     0.9414
10089.100      1.0038     0.9417
10089.200      0.9984     0.9419
10089.300      0.9977     0.9421
10089.400      0.9995     0.9423
10089.500      0.9953     0.9425
10089.600      0.9864     0.9426
10089.700      0.9745     0.9428
10089.800      0.9673     0.9430
10089.900      0.9695     0.9432
10090.000      0.9806     0.9435
10090.100      0.9924     0.9437
10090.200      1.0012     0.9439
10090.300      1.0062     0.9441
10090.400      1.0071     0.9443
10090.500      1.0046     0.9446
10090.600      1.0017     0.9448
10090.700      1.0004     0.9450
10090.800      1.0013     0.9451
10090.900      1.0037     0.9451
10091.000      1.0037     0.9451
10091.100      1.0022     0.9450
10091.200      1.0034     0.9447
10091.300      1.0048     0.9443
10091.400      1.0060     0.9434
10091.500      1.0070     0.9415
10091.600      1.0077     0.9369
10091.700      1.0083     0.9252
10091.800      1.0080     0.9003
10091.900      1.0033     0.8591
10092.000      0.9990     0.8104
10092.100      0.9964     0.7742
10092.200      0.9968     0.7694
10092.300      0.9994     0.7989
10092.400      1.0034     0.8471
10092.500      1.0058     0.8923
10092.600      1.0041     0.9220
10092.700      1.0016     0.9368
10092.800      0.9991     0.9431
10092.900      0.9980     0.9458
10093.000      0.9982     0.9473
10093.100      0.9996     0.9483
10093.200      1.0004     0.9490
10093.300      1.0005     0.9496
10093.400      1.0010     0.9500
10093.500      1.0024     0.9504
10093.600      1.0048     0.9508
10093.700      1.0056     0.9512
10093.800      1.0015     0.9515
10093.900      0.9920     0.9518
10094.000      0.9813     0.9520
10094.100      0.9765     0.9523
10094.200      0.9784     0.9525
10094.300      0.9856     0.9527
10094.400      0.9910     0.9530
10094.500      0.9927     0.9532
10094.600      0.9901     0.9534
10094.700      0.9865     0.9537
10094.800      0.9828     0.9539
10094.900      0.9786     0.9542
10095.000      0.9737     0.9544
10095.100      0.9606     0.9547
10095.200      0.9414     0.9549
10095.300      0.9190     0.9551
10095.400      0.9030     0.9553
10095.500      0.9029     0.9555
10095.600      0.9103     0.9557
10095.700      0.9189     0.9559
10095.800      0.9254     0.9560
10095.900      0.9284     0.9562
10096.000      0.9278     0.9564
10096.100      0.9273     0.9566
10096.200      0.9270     0.9567
10096.300      0.9287     0.9568
10096.400      0.9321     0.9567
10096.500      0.9366     0.9561
10096.600      0.9429     0.9549
10096.700      0.9500     0.9535
10096.800      0.9562     0.9527
10096.900      0.9619     0.9534
10097.000      0.9676     0.9550
10097.100      0.9730     0.9567
10097.200      0.9774     0.9578
10097.300      0.9784     0.9583
10097.400      0.9781     0.9587
10097.500      0.9784     0.9589
10097.600      0.9807     0.9591
10097.700      0.9862     0.9592
10097.800      0.9904     0.9594
10097.900      0.9921     0.9595
10098.000      0.9917     0.9597
10098.100      0.9913     0.9597
10098.200      0.9924     0.9596
10098.300      0.9942     0.9592
10098.400      0.9961     0.9587
10098.500      0.9981     0.9587
10098.600      0.9999     0.9592
10098.700      0.9992     0.9599
10098.800      0.9965     0.9606
10098.900      0.9925     0.9610
10099.000      0.9902     0.9613
10099.100      0.9902     0.9615
10099.200      0.9917     0.9615
10099.300      0.9930     0.9615
10099.400      0.9938     0.9616
10099.500      0.9959     0.9617
10099.600      0.9993     0.9620
10099.700      0.9997     0.9623
10099.800      0.9989     0.9625
10099.900      0.9978     0.9627
10100.000      0.9959     0.9629
10100.100      0.9936     0.9630
10100.200      0.9919     0.9632
10100.300      0.9914     0.9633
10100.400      0.9927     0.9635
10100.500      0.9959     0.9636
10100.600      1.0002     0.9637
10100.700      1.0022     0.9639
10100.800      1.0027     0.9640
10100.900      1.0038     0.9641
10101.000      1.0053     0.9643
10101.100      1.0069     0.9644
10101.200      1.0073     0.9646
10101.300      1.0061     0.9647
10101.400      1.0045     0.9648
10101.500      1.0021     0.9649
10101.600      0.9981     0.9651
10101.700      0.9943     0.9652
10101.800      0.9918     0.9653
10101.900      0.9936     0.9655
10102.000      0.9967     0.9656
10102.100      0.9959     0.9657
10102.200      0.9940     0.9659
10102.300      0.9916     0.9660
10102.400      0.9894     0.9661
10102.500      0.9878     0.9662
10102.600      0.9886     0.9664
10102.700      0.9909     0.9665
10102.800      0.9941     0.9667
10102.900      0.9967     0.9668
10103.000      0.9983     0.9669
10103.100      0.9994     0.9671
10103.200      1.0009     0.9672
10103.300      1.0064     0.9673
10103.400      1.0084     0.9674
10103.500      1.0053     0.9675
10103.600      1.0033     0.9676
10103.700      1.0030     0.9677
10103.800      1.0063     0.9678
10103.900      1.0075     0.9679
10104.000      1.0041     0.9679
10104.100      1.0020     0.9678
10104.200      1.0022     0.9679
10104.300      1.0042     0.9681
10104.400      1.0054     0.9683
10104.500      1.0031     0.9683
10104.600      1.0020     0.9676
10104.700      1.0021     0.9650
10104.800      0.9990     0.9576
10104.900      0.9953     0.9437
10105.000      0.9948     0.9263
10105.100      0.9961     0.9148
10105.200      0.9982     0.9169
10105.300      0.9985     0.9302
10105.400      0.9980     0.9451
10105.500      1.0004     0.9554
10105.600      1.0022     0.9616
10105.700      1.0025     0.9657
10105.800      1.0032     0.9683
10105.900      1.0043     0.9696
10106.000      1.0053     0.9702
10106.100      1.0064     0.9704
10106.200      1.0073     0.9705
10106.300      1.0072     0.9707
10106.400      1.0057     0.9708
10106.500      1.0038     0.9709
10106.600      1.0020     0.9710
10106.700      1.0026     0.9711
10106.800      1.0028     0.9712
10106.900      1.0019     0.9713
10107.000      1.0006     0.9713
10107.100      0.9993     0.9710
10107.200      0.9994     0.9704
10107.300      0.9990     0.9694
10107.400      0.9970     0.9686
10107.500      0.9953     0.9687
10107.600      0.9946     0.9696
10107.700      0.9991     0.9705
10107.800      1.0036     0.9711
10107.900      1.0026     0.9715
10108.000      0.9997     0.9717
10108.100      0.9961     0.9717
10108.200      0.9923     0.9715
10108.300      0.9884     0.9708
10108.400      0.9826     0.9688
10108.500      0.9791     0.9627
10108.600      0.9813     0.9488
10108.700      0.9856     0.9263
10108.800      0.9903     0.9037
10108.900      0.9924     0.8951
10109.000      0.9925     0.9069
10109.100      0.9910     0.9306
10109.200      0.9891     0.9524
10109.300      0.9872     0.9653
10109.400      0.9885     0.9708
10109.500      0.9908     0.9728
10109.600      0.9934     0.9734
10109.700      0.9943     0.9738
10109.800      0.9930     0.9739
10109.900      0.9928     0.9741
10110.000      0.9946     0.9742
10110.100      0.9999     0.9743
10110.200      1.0036     0.9744
10110.300      1.0038     0.9745
10110.400      1.0030     0.9745
10110.500      1.0021     0.9746
10110.600      1.0012     0.9747
10110.700      1.0009     0.9748
10110.800      1.0028     0.9749
10110.900      1.0046     0.9750
10111.000      1.0062     0.9751
10111.100      1.0016     0.9751
10111.200      0.9961     0.9752
10111.300      0.9947     0.9753
10111.400      0.9960     0.9753
10111.500      0.9985     0.9754
10111.600      1.0004     0.9754
10111.700      1.0012     0.9754
10111.800      1.0004     0.9752
10111.900      0.9981     0.9743
10112.000      0.9949     0.9710
10112.100      0.9915     0.9614
10112.200      0.9879     0.9405
10112.300      0.9846     0.9095
10112.400      0.9824     0.8809
10112.500      0.9829     0.8723
10112.600      0.9834     0.8899
10112.700      0.9840     0.9215
10112.800      0.9837     0.9497
10112.900      0.9833     0.9663
10113.000      0.9843     0.9733
10113.100      0.9862     0.9756
10113.200      0.9885     0.9763
10113.300      0.9881     0.9765
10113.400      0.9864     0.9766
10113.500      0.9870     0.9766
10113.600      0.9899     0.9764
10113.700      0.9945     0.9761
10113.800      0.9988     0.9757
10113.900      1.0022     0.9754
10114.000      1.0032     0.9750
10114.100      1.0043     0.9734
10114.200      1.0071     0.9669
10114.300      1.0087     0.9498
10114.400      1.0074     0.9184
10114.500      1.0034     0.8799
10114.600      0.9992     0.8537
10114.700      0.9978     0.8570
10114.800      0.9988     0.8875
10114.900      1.0012     0.9261
10115.000      1.0026     0.9551
10115.100      1.0018     0.9700
10115.200      0.9963     0.9756
10115.300      0.9910     0.9773
10115.400      0.9874     0.9777
10115.500      0.9861     0.9780
10115.600      0.9858     0.9782
10115.700      0.9844     0.9784
10115.800      0.9829     0.9786
10115.900      0.9815     0.9787
10116.000      0.9802     0.9788
10116.100      0.9788     0.9789
10116.200      0.9785     0.9790
10116.300      0.9795     0.9791
10116.400      0.9814     0.9792
10116.500      0.9820     0.9792
10116.600      0.9802     0.9793
10116.700      0.9822     0.9794
10116.800      0.9861     0.9794
10116.900      0.9887     0.9795
10117.000      0.9895     0.9796
10117.100      0.9889     0.9797
10117.200      0.9907     0.9797
10117.300      0.9944     0.9798
10117.400      0.9958     0.9798
10117.500      0.9939     0.9799
10117.600      0.9878     0.9799
10117.700      0.9797     0.9800
10117.800      0.9709     0.9799
10117.900      0.9630     0.9797
10118.000      0.9577     0.9795
10118.100      0.9626     0.9794
10118.200      0.9688     0.9793
10118.300      0.9755     0.9794
10118.400      0.9731     0.9794
10118.500      0.9661     0.9791
10118.600      0.9616     0.9786
10118.700      0.9619     0.9784
10118.800      0.9681     0.9786
10118.900      0.9696     0.9793
10119.000      0.9675     0.9800
10119.100      0.9685     0.9805
10119.200      0.9718     0.9808
10119.300      0.9762     0.9809
10119.400      0.9822     0.9810
10119.500      0.9891     0.9811
10119.600      0.9949     0.9811
10119.700      0.9984     0.9811
10119.800      0.9974     0.9811
10119.900      0.9974     0.9812
10120.000      0.9992     0.9813
10120.100      0.9990     0.9814
10120.200      0.9976     0.9815
10120.300      0.9978     0.9816
10120.400      1.0002     0.9817
10120.500      1.0049     0.9817
10120.600      1.0051     0.9818
10120.700      1.0012     0.9818
10120.800      0.9973     0.9819
10120.900      0.9945     0.9819
10121.000      0.9994     0.9820
10121.100      1.0031     0.9820
10121.200      1.0021     0.9821
10121.300      0.9945     0.9821
10121.400      0.9854     0.9822
10121.500      0.9782     0.9822
10121.600      0.9740     0.9823
10121.700      0.9746     0.9823
10121.800      0.9810     0.9823
10121.900      0.9893     0.9823
10122.000      0.9933     0.9824
10122.100      0.9957     0.9824
10122.200      0.9974     0.9824
10122.300      1.0007     0.9824
10122.400      1.0054     0.9822
10122.500      1.0073     0.9817
10122.600      1.0051     0.9811
10122.700      0.9983     0.9809
10122.800      0.9934     0.9810
10122.900      0.9934     0.9815
10123.000      0.9973     0.9817
10123.100      1.0019     0.9816
10123.200      1.0021     0.9806
10123.300      1.0012     0.9764
10123.400      0.9998     0.9630
10123.500      0.9992     0.9308
10123.600      0.9990     0.8743
10123.700      0.9969     0.8055
10123.800      0.9947     0.7530
10123.900      0.9935     0.7439
10124.000      0.9954     0.7831
10124.100      0.9996     0.8499
10124.200      1.0039     0.9134
10124.300      1.0078     0.9545
10124.400      1.0065     0.9736
10124.500      1.0018     0.9803
10124.600      0.9957     0.9822
10124.700      0.9899     0.9827
10124.800      0.9853     0.9828
10124.900      0.9871     0.9829
10125.000      0.9918     0.9831
10125.100      0.9980     0.9834
10125.200      1.0000     0.9837
10125.300      0.9989     0.9839
10125.400      0.9977     0.9840
10125.500      0.9973     0.9841
10125.600      1.0006     0.9842
10125.700      1.0028     0.9843
10125.800      1.0029     0.9843
10125.900      1.0016     0.9844
10126.000      1.0003     0.9845
10126.100      1.0014     0.9845
10126.200      1.0013     0.9846
10126.300      0.9992     0.9846
10126.400      0.9977     0.9847
10126.500      0.9965     0.9847
10126.600      0.9951     0.9848
10126.700      0.9923     0.9848
10126.800      0.9866     0.9849
10126.900      0.9819     0.9849
10127.000      0.9784     0.9850
10127.100      0.9752     0.9850
10127.200      0.9713     0.9850
10127.300      0.9636     0.9851
10127.400      0.9566     0.9851
10127.500      0.9522     0.9851
10127.600      0.9535     0.9851
10127.700      0.9568     0.9850
10127.800      0.9605     0.9842
10127.900      0.9630     0.9817
10128.000      0.9636     0.9761
10128.100      0.9647     0.9673
10128.200      0.9670     0.9590
10128.300      0.9708     0.9567
10128.400      0.9746     0.9621
10128.500      0.9782     0.9714
10128.600      0.9811     0.9792
10128.700      0.9837     0.9835
10128.800      0.9925     0.9851
10128.900      1.0011     0.9856
10129.000      1.0012     0.9858
10129.100      0.9992     0.9858
10129.200      0.9968     0.9858
10129.300      0.9947     0.9858
10129.400      0.9929     0.9858
10129.500      0.9907     0.9858
10129.600      0.9912     0.9859
10129.700      0.9966     0.9860
10129.800      0.9995     0.9861
10129.900      0.9984     0.9862
10130.000      0.9924     0.9863
10130.100      0.9883     0.9863
10130.200      0.9911     0.9863
10130.300      0.9954     0.9864
10130.400      0.9999     0.9864
10130.500      0.9994     0.9865
10130.600      0.9980     0.9865
10130.700      0.9976     0.9865
10130.800      0.9971     0.9866
10130.900      0.9963     0.9866
10131.000      0.9930     0.9866
10131.100      0.9889     0.9866
10131.200      0.9861     0.9867
10131.300      0.9840     0.9867
10131.400      0.9826     0.9867
10131.500      0.9821     0.9866
10131.600      0.9820     0.9863
10131.700      0.9783     0.9861
10131.800      0.9744     0.9861
10131.900      0.9714     0.9863
10132.000      0.9717     0.9867
10132.100      0.9766     0.9869
10132.200      0.9850     0.9870
10132.300      0.9935     0.9870
10132.400      0.9988     0.9869
10132.500      1.0009     0.9867
10132.600      1.0003     0.9866
10132.700      0.9983     0.9866
10132.800      0.9962     0.9868
10132.900      0.9964     0.9870
10133.000      0.9976     0.9872
10133.100      0.9994     0.9873
10133.200      1.0003     0.9874
10133.300      1.0001     0.9875
10133.400      0.9996     0.9875
10133.500      0.9986     0.9875
10133.600      0.9965     0.9876
10133.700      0.9940     0.9876
10133.800      0.9914     0.9877
10133.900      0.9908     0.9877
10134.000      0.9907     0.9877
10134.100      0.9905     0.9878
10134.200      0.9899     0.9878
10134.300      0.9890     0.9878
10134.400      0.9898     0.9879
10134.500      0.9925     0.9879
10134.600      0.9966     0.9879
10134.700      1.0004     0.9879
10134.800      1.0023     0.9880
10134.900      1.0014     0.9880
10135.000      0.9994     0.9880
10135.100      0.9977     0.9881
10135.200      0.9970     0.9881
10135.300      0.9981     0.9881
10135.400      0.9964     0.9882
10135.500      0.9919     0.9882
10135.600      0.9908     0.9882
10135.700      0.9933     0.9883
10135.800      0.9983     0.9883
10135.900      1.0022     0.9883
10136.000      1.0032     0.9884
10136.100      1.0027     0.9884
10136.200      1.0009     0.9884
10136.300      0.9970     0.9885
10136.400      0.9945     0.9885
10136.500      0.9968     0.9885
10136.600      1.0014     0.9885
10136.700      1.0065     0.9885
10136.800      1.0066     0.9884
10136.900      1.0055     0.9883
10137.000      1.0043     0.9882
10137.100      1.0018     0.9882
10137.200      0.9985     0.9884
10137.300      0.9956     0.9886
10137.400      0.9936     0.9887
10137.500      0.9939     0.9888
10137.600      0.9950     0.9888
10137.700      0.9966     0.9889
10137.800      0.9994     0.9889
10137.900      1.0024     0.9889
10138.000      0.9999     0.9890
10138.100      0.9974     0.9890
10138.200      0.9966     0.9890
10138.300      0.9972     0.9890
10138.400      0.9983     0.9890
10138.500      0.9974     0.9890
10138.600      0.9964     0.9890
10138.700      0.9966     0.9891
10138.800      0.9964     0.9891
10138.900      0.9953     0.9892
10139.000      0.9939     0.9892
10139.100      0.9925     0.9893
10139.200      0.9915     0.9893
10139.300      0.9915     0.9893
10139.400      0.9926     0.9894
10139.500      0.9924     0.9894
10139.600      0.9915     0.9894
10139.700      0.9935     0.9895
10139.800      0.9963     0.9895
10139.900      0.9994     0.9895
10140.000      1.0021     0.9895
10140.100      1.0037     0.9896
10140.200      1.0028     0.9896
10140.300      1.0002     0.9896
10140.400      0.9963     0.9896
10140.500      0.9949     0.9897
10140.600      0.9973     0.9897
10140.700      1.0007     0.9897
10140.800      1.0040     0.9897
10140.900      1.0034     0.9898
10141.000      1.0026     0.9898
10141.100      1.0017     0.9898
10141.200      1.0014     0.9897
10141.300      1.0014     0.9897
10141.400      1.0009     0.9898
10141.500      1.0003     0.9898
10141.600      0.9997     0.9899
10141.700      1.0000     0.9899
10141.800      1.0012     0.9900
10141.900      1.0022     0.9900
10142.000      1.0031     0.9901
10142.100      1.0037     0.9901
10142.200      1.0047     0.9901
10142.300      1.0065     0.9901
10142.400      1.0059     0.9901
10142.500      1.0044     0.9901
10142.600      1.0039     0.9900
10142.700      1.0040     0.9898
10142.800      1.0048     0.9896
10142.900      1.0071     0.9897
10143.000      1.0100     0.9899
10143.100      1.0067     0.9901
10143.200      1.0027     0.9903
10143.300      0.9990     0.9904
10143.400      0.9978     0.9904
10143.500      0.9985     0.9904
10143.600      0.9945     0.9905
10143.700      0.9897     0.9905
10143.800      0.9886     0.9905
10143.900      0.9911     0.9905
10144.000      0.9955     0.9906
10144.100      0.9976     0.9906
10144.200      0.9986     0.9906
10144.300      0.9995     0.9906
10144.400      0.9991     0.9906
10144.500      0.9964     0.9907
10144.600      0.9942     0.9907
10144.700      0.9931     0.9907
10144.800      0.9949     0.9907
10144.900      0.9965     0.9907
10145.000      0.9957     0.9907
10145.100      0.9934     0.9904
10145.200      0.9905     0.9893
10145.300      0.9883     0.9867
10145.400      0.9872     0.9826
10145.500      0.9877     0.9790
10145.600      0.9899     0.9789
10145.700      0.9933     0.9824
10145.800      0.9962     0.9866
10145.900      0.9980     0.9894
10146.000      0.9975     0.9906
10146.100      0.9975     0.9909
10146.200      0.9991     0.9910
10146.300      1.0014     0.9910
10146.400      1.0039     0.9910
10146.500      1.0016     0.9910
10146.600      0.9989     0.9910
10146.700      0.9986     0.9906
10146.800      1.0012     0.9894
10146.900      1.0050     0.9857
10147.000      1.0019     0.9776
10147.100      0.9973     0.9658
10147.200      0.9991     0.9555
10147.300      1.0005     0.9537
10147.400      0.9999     0.9618
10147.500      0.9955     0.9739
10147.600      0.9898     0.9836
10147.700      0.9892     0.9887
10147.800      0.9888     0.9906
10147.900      0.9885     0.9911
10148.000      0.9891     0.9913
10148.100      0.9916     0.9914
10148.200      0.9968     0.9914
10148.300      1.0014     0.9914
10148.400      1.0012     0.9915
10148.500      0.9990     0.9915
10148.600      0.9962     0.9915
10148.700      0.9938     0.9916
10148.800      0.9925     0.9916
10148.900      0.9943     0.9916
10149.000      0.9962     0.9915
10149.100      0.9980     0.9915
10149.200      0.9969     0.9915
10149.300      0.9943     0.9916
10149.400      0.9936     0.9917
10149.500      0.9946     0.9917
10149.600      0.9970     0.9917
10149.700      0.9981     0.9918
10149.800      0.9974     0.9918
10149.900      0.9962     0.9918
10150.000      0.9947     0.9918
10150.100      0.9929     0.9918
10150.200      0.9901     0.9919
10150.300      0.9866     0.9919
10150.400      0.9847     0.9919
10150.500      0.9852     0.9919
10150.600      0.9891     0.9919
10150.700      0.9912     0.9920
10150.800      0.9897     0.9920
10150.900      0.9884     0.9920
10151.000      0.9880     0.9920
10151.100      0.9938     0.9920
10151.200      0.9987     0.9920
10151.300      0.9979     0.9921
10151.400      0.9940     0.9921
10151.500      0.9894     0.9921
10151.600      0.9855     0.9921
10151.700      0.9831     0.9922
10151.800      0.9839     0.9922
10151.900      0.9858     0.9922
10152.000      0.9880     0.9921
10152.100      0.9850     0.9920
10152.200      0.9801     0.9920
10152.300      0.9807     0.9920
10152.400      0.9831     0.9921
10152.500      0.9861     0.9922
10152.600      0.9829     0.9923
10152.700      0.9759     0.9923
10152.800      0.9759     0.9923
10152.900      0.9815     0.9923
10153.000      0.9908     0.9923
10153.100      0.9991     0.9922
10153.200      1.0041     0.9921
10153.300      1.0029     0.9920
10153.400      1.0002     0.9921
10153.500      0.9971     0.9923
10153.600      0.9959     0.9924
10153.700      0.9972     0.9925
10153.800      0.9984     0.9925
10153.900      0.9994     0.9925
10154.000      0.9988     0.9926
10154.100      0.9988     0.9926
10154.200      1.0004     0.9926
10154.300      1.0030     0.9926
10154.400      1.0058     0.9926
10154.500      1.0029     0.9925
10154.600      0.9983     0.9920
10154.700      0.9931     0.9902
10154.800      0.9906     0.9861
10154.900      0.9909     0.9795
10155.000      0.9898     0.9732
10155.100      0.9883     0.9713
10155.200      0.9871     0.9751
10155.300      0.9867     0.9817
10155.400      0.9872     0.9871
10155.500      0.9844     0.9902
10155.600      0.9791     0.9916
10155.700      0.9727     0.9922
10155.800      0.9707     0.9925
10155.900      0.9794     0.9925
10156.000      0.9876     0.9923
10156.100      0.9937     0.9922
10156.200      0.9908     0.9922
10156.300      0.9882     0.9922
10156.400      0.9912     0.9922
10156.500      0.9939     0.9922
10156.600      0.9957     0.9923
10156.700      0.9944     0.9925
10156.800      0.9927     0.9928
10156.900      0.9954     0.9929
10157.000      0.9979     0.9930
10157.100      0.9994     0.9930
10157.200      0.9993     0.9931
10157.300      0.9978     0.9931
10157.400      0.9951     0.9931
10157.500      0.9938     0.9931
10157.600      0.9957     0.9931
10157.700      0.9964     0.9931
10157.800      0.9942     0.9932
10157.900      0.9882     0.9932
10158.000      0.9830     0.9932
10158.100      0.9850     0.9932
10158.200      0.9889     0.9932
10158.300      0.9933     0.9932
10158.400      0.9965     0.9932
10158.500      0.9981     0.9933
10158.600      0.9979     0.9933
10158.700      0.9984     0.9933
10158.800      1.0000     0.9933
10158.900      1.0002     0.9933
10159.000      0.9997     0.9933
10159.100      0.9999     0.9933
10159.200      1.0014     0.9933
10159.300      1.0043     0.9934
10159.400      1.0064     0.9934
10159.500      1.0061     0.9934
10159.600      1.0019     0.9934
10159.700      0.9972     0.9934
10159.800      0.9932     0.9934
10159.900      0.9929     0.9934
10160.000      0.9962     0.9934
10160.100      0.9993     0.9934
10160.200      1.0017     0.9934
10160.300      1.0006     0.9934
10160.400      0.9993     0.9934
10160.500      0.9979     0.9934
10160.600      0.9969     0.9935
10160.700      0.9965     0.9935
10160.800      0.9966     0.9935
10160.900      0.9974     0.9935
10161.000      0.9988     0.9935
10161.100      1.0004     0.9935
10161.200      1.0021     0.9935
10161.300      1.0013     0.9936
10161.400      0.9993     0.9936
10161.500      0.9968     0.9936
10161.600      0.9972     0.9936
10161.700      1.0015     0.9936
10161.800      1.0026     0.9936
10161.900      1.0000     0.9935
10162.000      0.9939     0.9935
10162.100      0.9901     0.9935
10162.200      0.9912     0.9935
10162.300      0.9927     0.9935
10162.400      0.9945     0.9935
10162.500      0.9971     0.9934
10162.600      0.9998     0.9934
10162.700      1.0016     0.9933
10162.800      1.0028     0.9932
10162.900      1.0028     0.9930
10163.000      1.0006     0.9929
10163.100      0.9980     0.9926
10163.200      0.9954     0.9921
10163.300      0.9924     0.9913
10163.400      0.9891     0.9898
10163.500      0.9864     0.9871
10163.600      0.9850     0.9828
10163.700      0.9853     0.9766
10163.800      0.9864     0.9703
10163.900      0.9879     0.9672
10164.000      0.9882     0.9696
10164.100      0.9877     0.9759
10164.200      0.9887     0.9825
10164.300      0.9905     0.9869
10164.400      0.9928     0.9883
10164.500      0.9949     0.9861
10164.600      0.9968     0.9796
10164.700      0.9988     0.9703
10164.800      1.0008     0.9631
10164.900      1.0016     0.9635
10165.000      1.0003     0.9713
10165.100      0.9973     0.9813
10165.200      0.9944     0.9885
10165.300      0.9920     0.9920
10165.400      0.9942     0.9933
10165.500      0.9964     0.9937
10165.600      0.9983     0.9938
10165.700      0.9996     0.9939
10165.800      0.9998     0.9940
10165.900      0.9990     0.9940
10166.000      0.9972     0.9941
10166.100      0.9949     0.9941
10166.200      0.9943     0.9941
10166.300      0.9959     0.9941
10166.400      0.9977     0.9939
10166.500      0.9999     0.9935
10166.600      1.0037     0.9928
10166.700      1.0062     0.9919
10166.800      1.0051     0.9916
10166.900      1.0017     0.9920
10167.000      0.9978     0.9928
10167.100      0.9983     0.9936
10167.200      0.9986     0.9940
10167.300      0.9980     0.9942
10167.400      0.9969     0.9942
10167.500      0.9956     0.9942
10167.600      0.9972     0.9943
10167.700      0.9991     0.9944
10167.800      0.9994     0.9944
10167.900      0.9990     0.9944
10168.000      0.9979     0.9944
10168.100      0.9948     0.9945
10168.200      0.9913     0.9945
10168.300      0.9904     0.9945
10168.400      0.9924     0.9945
10168.500      0.9964     0.9945
10168.600      0.9952     0.9945
10168.700      0.9914     0.9945
10168.800      0.9903     0.9946
10168.900      0.9922     0.9946
10169.000      0.9966     0.9946
10169.100      0.9979     0.9946
10169.200      0.9969     0.9946
10169.300      0.9984     0.9946
10169.400      0.9998     0.9946
10169.500      0.9977     0.9946
10169.600      0.9933     0.9947
10169.700      0.9881     0.9947
10169.800      0.9881     0.9947
10169.900      0.9915     0.9947
10170.000      0.9962     0.9947
10170.100      0.9998     0.9947
10170.200      1.0010     0.9947
10170.300      1.0015     0.9947
10170.400      1.0014     0.9947
10170.500      1.0008     0.9948
10170.600      1.0003     0.9948
10170.700      1.0000     0.9948
10170.800      0.9992     0.9948
10170.900      0.9979     0.9948
10171.000      0.9997     0.9948
10171.100      1.0017     0.9948
10171.200      1.0005     0.9948
10171.300      0.9980     0.9948
10171.400      0.9952     0.9948
10171.500      0.9968     0.9948
10171.600      0.9999     0.9948
10171.700      1.0012     0.9948
10171.800      1.0005     0.9948
10171.900      0.9984     0.9948
10172.000      0.9978     0.9948
10172.100      0.9989     0.9948
10172.200      1.0010     0.9949
10172.300      1.0028     0.9949
10172.400      1.0032     0.9949
10172.500      1.0027     0.9950
10172.600      1.0014     0.9950
10172.700      0.9998     0.9950
10172.800      0.9977     0.9950
10172.900      0.9951     0.9950
10173.000      0.9932     0.9949
10173.100      0.9934     0.9946
10173.200      0.9957     0.9936
10173.300      0.9983     0.9916
10173.400      0.9961     0.9892
10173.500      0.9934     0.9881
10173.600      0.9906     0.9892
10173.700      0.9894     0.9916
10173.800      0.9893     0.9936
10173.900      0.9849     0.9947
10174.000      0.9803     0.9950
10174.100      0.9781     0.9951
10174.200      0.9811     0.9951
10174.300      0.9871     0.9951
10174.400      0.9925     0.9951
10174.500      0.9957     0.9952
10174.600      0.9902     0.9952
10174.700      0.9850     0.9952
10174.800      0.9812     0.9952
10174.900      0.9840     0.9952
10175.000      0.9890     0.9952
10175.100      0.9907     0.9952
10175.200      0.9896     0.9952
10175.300      0.9865     0.9952
10175.400      0.9837     0.9952
10175.500      0.9812     0.9952
10175.600      0.9781     0.9952
10175.700      0.9754     0.9953
10175.800      0.9758     0.9953
10175.900      0.9786     0.9953
10176.000      0.9824     0.9953
10176.100      0.9862     0.9953
10176.200      0.9897     0.9953
10176.300      0.9893     0.9953
10176.400      0.9895     0.9953
10176.500      0.9905     0.9953
10176.600      0.9903     0.9953
10176.700      0.9897     0.9953
10176.800      0.9938     0.9953
10176.900      0.9973     0.9953
10177.000      0.9976     0.9953
10177.100      0.9958     0.9953
10177.200      0.9934     0.9953
10177.300      0.9919     0.9953
10177.400      0.9915     0.9954
10177.500      0.9921     0.9954
10177.600      0.9935     0.9954
10177.700      0.9952     0.9954
10177.800      0.9907     0.9954
10177.900      0.9848     0.9954
10178.000      0.9858     0.9952
10178.100      0.9889     0.9947
10178.200      0.9927     0.9937
10178.300      0.9916     0.9921
10178.400      0.9882     0.9908
10178.500      0.9880     0.9907
10178.600      0.9900     0.9918
10178.700      0.9931     0.9934
10178.800      0.9945     0.9945
10178.900      0.9947     0.9951
10179.000      0.9962     0.9953
10179.100      0.9978     0.9954
10179.200      0.9981     0.9954
10179.300      0.9970     0.9955
10179.400      0.9954     0.9955
10179.500      0.9943     0.9955
10179.600      0.9946     0.9956
10179.700      0.9975     0.9956
10179.800      0.9996     0.9956
10179.900      0.9995     0.9956
10180.000      0.9986     0.9956
10180.100      0.9970     0.9956
10180.200      0.9944     0.9956
10180.300      0.9918     0.9956
10180.400      0.9894     0.9956
10180.500      0.9907     0.9956
10180.600      0.9949     0.9956
10180.700      0.9970     0.9956
10180.800      0.9959     0.9956
10180.900      0.9912     0.9956
10181.000      0.9867     0.9956
10181.100      0.9834     0.9956
10181.200      0.9846     0.9956
10181.300      0.9887     0.9956
10181.400      0.9940     0.9956
10181.500      0.9967     0.9956
10181.600      0.9945     0.9955
10181.700      0.9930     0.9955
10181.800      0.9928     0.9955
10181.900      0.9955     0.9955
10182.000      0.9980     0.9954
10182.100      0.9991     0.9954
10182.200      1.0002     0.9953
10182.300      1.0015     0.9953
10182.400      1.0019     0.9952
10182.500      1.0022     0.9950
10182.600      1.0030     0.9948
10182.700      1.0033     0.9945
10182.800      1.0027     0.9940
10182.900      1.0019     0.9934
10183.000      1.0011     0.9927
10183.100      1.0012     0.9917
10183.200      0.9995     0.9900
10183.300      0.9944     0.9867
10183.400      0.9912     0.9810
10183.500      0.9914     0.9741
10183.600      0.9948     0.9694
10183.700      0.9981     0.9698
10183.800      0.9993     0.9752
10183.900      0.9979     0.9819
10184.000      0.9951     0.9870
10184.100      0.9948     0.9894
10184.200      0.9968     0.9897
10184.300      1.0003     0.9887
10184.400      1.0030     0.9877
10184.500      1.0030     0.9875
10184.600      1.0002     0.9887
10184.700      0.9966     0.9905
10184.800      0.9955     0.9924
10184.900      0.9949     0.9938
10185.000      0.9945     0.9946
10185.100      0.9932     0.9951
10185.200      0.9913     0.9953
10185.300      0.9896     0.9955
10185.400      0.9891     0.9956
10185.500      0.9912     0.9957
10185.600      0.9923     0.9957
10185.700      0.9915     0.9958
10185.800      0.9895     0.9958
10185.900      0.9878     0.9958
10186.000      0.9894     0.9957
10186.100      0.9909     0.9953
10186.200      0.9921     0.9941
10186.300      0.9929     0.9922
10186.400      0.9935     0.9905
10186.500      0.9941     0.9905
10186.600      0.9944     0.9922
10186.700      0.9944     0.9941
10186.800      0.9968     0.9954
10186.900      1.0009     0.9959
10187.000      1.0034     0.9960
10187.100      1.0034     0.9961
10187.200      1.0008     0.9961
10187.300      0.9992     0.9961
10187.400      0.9987     0.9961
10187.500      0.9947     0.9961
10187.600      0.9904     0.9961
10187.700      0.9943     0.9961
10187.800      0.9980     0.9961
10187.900      1.0012     0.9961
10188.000      0.9980     0.9962
10188.100      0.9920     0.9962
10188.200      0.9924     0.9962
10188.300      0.9951     0.9962
10188.400      0.9987     0.9962
10188.500      1.0004     0.9962
10188.600      0.9999     0.9960
10188.700      0.9980     0.9954
10188.800      0.9962     0.9938
10188.900      0.9946     0.9916
10189.000      0.9948     0.9899
10189.100      0.9966     0.9902
10189.200      0.9984     0.9922
10189.300      1.0002     0.9944
10189.400      1.0027     0.9957
10189.500      1.0042     0.9962
10189.600      1.0028     0.9963
10189.700      0.9990     0.9963
10189.800      0.9947     0.9963
10189.900      0.9968     0.9963
10190.000      0.9992     0.9963
10190.100      1.0010     0.9963
10190.200      1.0024     0.9963
10190.300      1.0029     0.9963
10190.400      0.9990     0.9963
10190.500      0.9931     0.9964
10190.600      0.9864     0.9964
10190.700      0.9805     0.9964
10190.800      0.9776     0.9964
10190.900      0.9803     0.9964
10191.000      0.9842     0.9964
10191.100      0.9875     0.9964
10191.200      0.9887     0.9964
10191.300      0.9872     0.9964
10191.400      0.9867     0.9964
10191.500      0.9868     0.9964
10191.600      0.9865     0.9965
10191.700      0.9870     0.9965
10191.800      0.9899     0.9965
10191.900      0.9928     0.9965
10192.000      0.9955     0.9965
10192.100      0.9942     0.9965
10192.200      0.9898     0.9965
10192.300      0.9832     0.9965
10192.400      0.9775     0.9965
10192.500      0.9753     0.9965
10192.600      0.9805     0.9965
10192.700      0.9875     0.9965
10192.800      0.9895     0.9965
10192.900      0.9876     0.9963
10193.000      0.9831     0.9959
10193.100      0.9790     0.9953
10193.200      0.9752     0.9949
10193.300      0.9709     0.9950
10193.400      0.9668     0.9956
10193.500      0.9639     0.9961
10193.600      0.9619     0.9964
10193.700      0.9611     0.9965
10193.800      0.9629     0.9966
10193.900      0.9647     0.9966
10194.000      0.9648     0.9966
10194.100      0.9659     0.9966
10194.200      0.9685     0.9966
10194.300      0.9708     0.9966
10194.400      0.9730     0.9966
10194.500      0.9767     0.9966
10194.600      0.9828     0.9966
10194.700      0.9914     0.9966
10194.800      0.9950     0.9966
10194.900      0.9948     0.9966
10195.000      0.9942     0.9966
10195.100      0.9937     0.9966
10195.200      0.9942     0.9966
10195.300      0.9951     0.9966
10195.400      0.9962     0.9967
10195.500      0.9963     0.9967
10195.600      0.9963     0.9967
10195.700      0.9969     0.9967
10195.800      0.9972     0.9967
10195.900      0.9968     0.9967
10196.000      0.9969     0.9967
10196.100      0.9977     0.9967
10196.200      0.9997     0.9967
10196.300      1.0003     0.9967
10196.400      0.9975     0.9967
10196.500      0.9945     0.9967
10196.600      0.9915     0.9966
10196.700      0.9939     0.9964
10196.800      0.9967     0.9962
10196.900      0.9984     0.9961
10197.000      0.9981     0.9961
10197.100      0.9966     0.9964
10197.200      0.9974     0.9966
10197.300      0.9986     0.9967
10197.400      0.9975     0.9968
10197.500      0.9970     0.9968
10197.600      0.9984     0.9968
10197.700      1.0017     0.9968
10197.800      1.0054     0.9968
10197.900      1.0017     0.9968
10198.000      0.9990     0.9968
10198.100      0.9990     0.9968
10198.200      0.9992     0.9968
10198.300      0.9994     0.9968
10198.400      0.9947     0.9968
10198.500      0.9897     0.9968
10198.600      0.9887     0.9968
10198.700      0.9922     0.9967
10198.800      0.9981     0.9967
10198.900      1.0012     0.9966
10199.000      1.0000     0.9965
10199.100      0.9940     0.9963
10199.200      0.9889     0.9963
10199.300      0.9874     0.9964
10199.400      0.9896     0.9965
10199.500      0.9926     0.9967
10199.600      0.9915     0.9966
10199.700      0.9907     0.9964
10199.800      0.9920     0.9959
10199.900      0.9951     0.9953
10200.000      0.9988     0.9951
10200.100      1.0010     0.9954
10200.200      1.0020     0.9960
10200.300      1.0022     0.9965
10200.400      1.0017     0.9968
10200.500      1.0004     0.9969
10200.600      0.9986     0.9969
10200.700      0.9961     0.9969
10200.800      0.9928     0.9969
10200.900      0.9913     0.9969
10201.000      0.9932     0.9969
10201.100      0.9935     0.9970
10201.200      0.9925     0.9970
10201.300      0.9913     0.9970
10201.400      0.9911     0.9970
10201.500      0.9943     0.9970
10201.600      0.9945     0.9970
10201.700      0.9922     0.9970
10201.800      0.9910     0.9970
10201.900      0.9920     0.9970
10202.000      0.9965     0.9970
10202.100      1.0004     0.9970
10202.200      1.0022     0.9970
10202.300      1.0011     0.9970
10202.400      0.9990     0.9970
10202.500      0.9967     0.9969
10202.600      0.9954     0.9968
10202.700      0.9966     0.9966
10202.800      0.9986     0.9963
10202.900      1.0007     0.9961
10203.000      1.0013     0.9961
10203.100      1.0007     0.9963
10203.200      0.9992     0.9966
10203.300      0.9992     0.9968
10203.400      1.0006     0.9970
10203.500      0.9998     0.9970
10203.600      0.9972     0.9970
10203.700      0.9936     0.9971
10203.800      0.9911     0.9971
10203.900      0.9911     0.9971
10204.000      0.9930     0.9971
10204.100      0.9953     0.9971
10204.200      0.9972     0.9971
10204.300      0.9985     0.9971
10204.400      0.9986     0.9970
10204.500      0.9982     0.9969
10204.600      0.9973     0.9967
10204.700      0.9953     0.9966
10204.800      0.9933     0.9967
10204.900      0.9924     0.9969
10205.000      0.9925     0.9970
10205.100      0.9941     0.9971
10205.200      0.9971     0.9972
10205.300      1.0002     0.9972
10205.400      1.0014     0.9972
10205.500      1.0025     0.9972
10205.600      1.0036     0.9972
10205.700      1.0044     0.9971
10205.800      1.0047     0.9971
10205.900      1.0034     0.9971
10206.000      1.0025     0.9971
10206.100      1.0025     0.9972
10206.200      1.0017     0.9972
10206.300      1.0003     0.9972
10206.400      0.9989     0.9972
10206.500      0.9982     0.9972
10206.600      1.0002     0.9972
10206.700      1.0003     0.9972
10206.800      0.9983     0.9972
10206.900      0.9961     0.9972
10207.000      0.9943     0.9972
10207.100      0.9967     0.9972
10207.200      0.9975     0.9972
10207.300      0.9960     0.9972
10207.400      0.9951     0.9972
10207.500      0.9957     0.9972
10207.600      0.9986     0.9972
10207.700      1.0006     0.9972
10207.800      1.0004     0.9972
10207.900      1.0012     0.9972
10208.000      1.0028     0.9972
10208.100      1.0030     0.9972
10208.200      1.0010     0.9971
10208.300      0.9966     0.9970
10208.400      0.9954     0.9967
10208.500      0.9975     0.9963
10208.600      0.9996     0.9960
10208.700      1.0016     0.9960
10208.800      1.0033     0.9962
10208.900      1.0042     0.9966
10209.000      1.0033     0.9969
10209.100      0.9990     0.9971
10209.200      0.9936     0.9972
10209.300      0.9957     0.9973
10209.400      0.9980     0.9973
10209.500      0.9999     0.9973
10209.600      0.9993     0.9973
10209.700      0.9969     0.9973
10209.800      0.9968     0.9973
10209.900      0.9984     0.9973
10210.000      1.0012     0.9974
10210.100      1.0019     0.9974
10210.200      0.9990     0.9974
10210.300      0.9948     0.9974
10210.400      0.9906     0.9974
10210.500      0.9903     0.9974
10210.600      0.9896     0.9974
10210.700      0.9880     0.9973
10210.800      0.9859     0.9973
10210.900      0.9837     0.9974
10211.000      0.9866     0.9974
10211.100      0.9884     0.9974
10211.200      0.9866     0.9974
10211.300      0.9865     0.9974
10211.400      0.9890     0.9974
10211.500      0.9931     0.9974
10211.600      0.9970     0.9974
10211.700      0.9989     0.9974
10211.800      1.0001     0.9974
10211.900      1.0008     0.9974
10212.000      1.0002     0.9974
10212.100      0.9994     0.9974
10212.200      1.0012     0.9974
10212.300      1.0021     0.9975
10212.400      1.0002     0.9975
10212.500      0.9968     0.9975
10212.600      0.9925     0.9975
10212.700      0.9875     0.9975
10212.800      0.9828     0.9975
10212.900      0.9810     0.9975
10213.000      0.9850     0.9974
10213.100      0.9922     0.9974
10213.200      0.9935     0.9973
10213.300      0.9909     0.9972
10213.400      0.9862     0.9972
10213.500      0.9845     0.9972
10213.600      0.9878     0.9973
10213.700      0.9927     0.9974
10213.800      0.9976     0.9975
10213.900      0.9962     0.9975
10214.000      0.9938     0.9975
10214.100      0.9911     0.9975
10214.200      0.9892     0.9975
10214.300      0.9892     0.9975
10214.400      0.9922     0.9975
10214.500      0.9949     0.9975
10214.600      0.9952     0.9975
10214.700      0.9945     0.9975
10214.800      0.9935     0.9975
10214.900      0.9926     0.9975
10215.000      0.9924     0.9976
10215.100      0.9945     0.9976
10215.200      0.9949     0.9976
10215.300      0.9927     0.9976
10215.400      0.9915     0.9976
10215.500      0.9921     0.9976
10215.600      0.9954     0.9976
10215.700      0.9983     0.9975
10215.800      0.9995     0.9974
10215.900      0.9994     0.9966
10216.000      0.9978     0.9944
10216.100      0.9944     0.9898
10216.200      0.9919     0.9840
10216.300      0.9940     0.9810
10216.400      0.9963     0.9834
10216.500      0.9987     0.9890
10216.600      1.0000     0.9939
10216.700      0.9995     0.9965
10216.800      0.9966     0.9973
10216.900      0.9933     0.9975
10217.000      0.9898     0.9975
10217.100      0.9892     0.9975
10217.200      0.9900     0.9974
10217.300      0.9878     0.9973
10217.400      0.9859     0.9973
10217.500      0.9864     0.9973
10217.600      0.9910     0.9974
10217.700      0.9975     0.9975
10217.800      1.0021     0.9976
10217.900      1.0036     0.9976
10218.000      1.0011     0.9976
10218.100      0.9988     0.9975
10218.200      0.9967     0.9974
10218.300      0.9946     0.9972
10218.400      0.9924     0.9971
10218.500      0.9909     0.9972
10218.600      0.9916     0.9974
10218.700      0.9947     0.9975
10218.800      0.9972     0.9974
10218.900      0.9991     0.9974
10219.000      1.0006     0.9974
10219.100      1.0006     0.9975
10219.200      0.9986     0.9976
10219.300      0.9974     0.9976
10219.400      0.9974     0.9977
10219.500      0.9982     0.9977
10219.600      0.9982     0.9977
10219.700      0.9935     0.9977
10219.800      0.9867     0.9976
10219.900      0.9792     0.9976
10220.000      0.9748     0.9976
10220.100      0.9764     0.9977
10220.200      0.9888     0.9976
10220.300      0.9980     0.9976
10220.400      0.9996     0.9977
10220.500      0.9982     0.9977
10220.600      0.9963     0.9977
10220.700      0.9981     0.9977
10220.800      0.9999     0.9977
10220.900      1.0014     0.9977
10221.000      1.0026     0.9977
10221.100      1.0031     0.9977
10221.200      0.9987     0.9977
10221.300      0.9935     0.9977
10221.400      0.9891     0.9977
10221.500      0.9878     0.9977
10221.600      0.9894     0.9977
10221.700      0.9900     0.9977
10221.800      0.9889     0.9977
10221.900      0.9858     0.9977
10222.000      0.9840     0.9977
10222.100      0.9864     0.9977
10222.200      0.9913     0.9977
10222.300      0.9967     0.9977
10222.400      0.9984     0.9977
10222.500      0.9990     0.9976
10222.600      0.9992     0.9975
10222.700      0.9983     0.9972
10222.800      0.9970     0.9966
10222.900      0.9979     0.9958
10223.000      0.9991     0.9951
10223.100      0.9985     0.9951
10223.200      0.9961     0.9957
10223.300      0.9928     0.9965
10223.400      0.9918     0.9969
10223.500      0.9927     0.9969
10223.600      0.9947     0.9968
10223.700      0.9961     0.9966
10223.800      0.9961     0.9967
10223.900      0.9966     0.9968
10224.000      0.9974     0.9971
10224.100      0.9959     0.9973
10224.200      0.9944     0.9974
10224.300      0.9936     0.9975
10224.400      0.9936     0.9976
10224.500      0.9948     0.9976
10224.600      0.9973     0.9977
10224.700      1.0000     0.9977
10224.800      1.0019     0.9977
10224.900      1.0025     0.9977
10225.000      1.0021     0.9977
10225.100      1.0018     0.9977
10225.200      1.0015     0.9977
10225.300      1.0013     0.9977
10225.400      1.0004     0.9978
10225.500      0.9977     0.9978
10225.600      0.9952     0.9977
10225.700      0.9933     0.9977
10225.800      0.9956     0.9976
10225.900      0.9978     0.9976
10226.000      0.9971     0.9975
10226.100      0.9940     0.9975
10226.200      0.9900     0.9975
10226.300      0.9920     0.9977
10226.400      0.9954     0.9978
10226.500      0.9974     0.9978
10226.600      0.9972     0.9978
10226.700      0.9954     0.9978
10226.800      0.9966     0.9978
10226.900      0.9991     0.9978
10227.000      1.0013     0.9978
10227.100      1.0034     0.9978
10227.200      1.0056     0.9978
10227.300      1.0074     0.9978
10227.400      1.0081     0.9978
10227.500      1.0055     0.9978
10227.600      1.0032     0.9977
10227.700      1.0040     0.9977
10227.800      1.0060     0.9977
10227.900      1.0082     0.9976
10228.000      1.0084     0.9975
10228.100      1.0075     0.9974
10228.200      1.0063     0.9972
10228.300      1.0057     0.9970
10228.400      1.0061     0.9966
10228.500      1.0056     0.9963
10228.600      1.0043     0.9962
10228.700      1.0023     0.9964
10228.800      0.9997     0.9967
10228.900      0.9961     0.9969
10229.000      0.9903     0.9970
10229.100      0.9835     0.9970
10229.200      0.9769     0.9970
10229.300      0.9713     0.9971
10229.400      0.9724     0.9974
10229.500      0.9785     0.9976
10229.600      0.9866     0.9978
10229.700      0.9920     0.9978
10229.800      0.9943     0.9979
10229.900      0.9942     0.9979
10230.000      0.9955     0.9979
10230.100      0.9994     0.9979
10230.200      1.0042     0.9979
10230.300      1.0091     0.9979
10230.400      1.0067     0.9979
10230.500      1.0045     0.9979
10230.600      1.0038     0.9979
10230.700      1.0004     0.9980
10230.800      0.9948     0.9980
10230.900      0.9889     0.9980
10231.000      0.9844     0.9980
10231.100      0.9876     0.9980
10231.200      0.9906     0.9980
10231.300      0.9930     0.9980
10231.400      0.9936     0.9980
10231.500      0.9934     0.9980
10231.600      0.9929     0.9980
10231.700      0.9927     0.9980
10231.800      0.9934     0.9980
10231.900      0.9944     0.9980
10232.000      0.9955     0.9979
10232.100      0.9951     0.9979
10232.200      0.9945     0.9980
10232.300      0.9939     0.9980
10232.400      0.9946     0.9980
10232.500      0.9965     0.9980
10232.600      0.9968     0.9980
10232.700      0.9973     0.9981
10232.800      1.0007     0.9981
10232.900      1.0023     0.9981
10233.000      0.9995     0.9981
10233.100      0.9932     0.9980
10233.200      0.9868     0.9980
10233.300      0.9910     0.9980
10233.400      0.9949     0.9981
10233.500      0.9972     0.9981
10233.600      0.9968     0.9981
10233.700      0.9955     0.9981
10233.800      0.9948     0.9981
10233.900      0.9965     0.9981
10234.000      1.0025     0.9981
10234.100      1.0059     0.9981
10234.200      1.0056     0.9981
10234.300      1.0037     0.9981
10234.400      1.0021     0.9981
10234.500      1.0026     0.9981
10234.600      1.0027     0.9981
10234.700      1.0021     0.9980
10234.800      1.0039     0.9980
10234.900      1.0065     0.9980
10235.000      1.0035     0.9980
10235.100      1.0009     0.9979
10235.200      0.9990     0.9978
10235.300      0.9970     0.9974
10235.400      0.9943     0.9970
10235.500      0.9909     0.9968
10235.600      0.9886     0.9970
10235.700      0.9904     0.9975
10235.800      0.9922     0.9979
10235.900      0.9939     0.9981
10236.000      0.9963     0.9981
10236.100      0.9986     0.9981
10236.200      0.9983     0.9981
10236.300      0.9990     0.9981
10236.400      1.0012     0.9981
10236.500      1.0019     0.9981
10236.600      1.0007     0.9981
10236.700      0.9972     0.9981
10236.800      0.9960     0.9981
10236.900      1.0000     0.9981
10237.000      1.0037     0.9981
10237.100      1.0066     0.9981
10237.200      1.0050     0.9981
10237.300      1.0029     0.9980
10237.400      1.0008     0.9979
10237.500      0.9991     0.9977
10237.600      0.9980     0.9976
10237.700      0.9971     0.9976
10237.800      0.9965     0.9977
10237.900      0.9966     0.9976
10238.000      0.9977     0.9973
10238.100      0.9996     0.9966
10238.200      0.9984     0.9957
10238.300      0.9937     0.9948
10238.400      0.9863     0.9945
10238.500      0.9790     0.9950
10238.600      0.9726     0.9958
10238.700      0.9676     0.9965
10238.800      0.9655     0.9969
10238.900      0.9722     0.9969
10239.000      0.9793     0.9969
10239.100      0.9826     0.9971
10239.200      0.9836     0.9974
10239.300      0.9839     0.9977
10239.400      0.9895     0.9979
10239.500      0.9965     0.9980
10239.600      0.9981     0.9981
10239.700      0.9940     0.9981
10239.800      0.9861     0.9982
10239.900      0.9796     0.9982
10240.000      0.9762     0.9982
10240.100      0.9825     0.9982
10240.200      0.9889     0.9982
10240.300      0.9950     0.9982
10240.400      0.9988     0.9982
10240.500      1.0006     0.9982
10240.600      1.0019     0.9982
10240.700      1.0018     0.9982
10240.800      0.9991     0.9982
10240.900      0.9964     0.9982
10241.000      0.9945     0.9982
10241.100      0.9962     0.9982
10241.200      0.9989     0.9983
10241.300      0.9996     0.9983
10241.400      0.9993     0.9983
10241.500      0.9985     0.9983
10241.600      0.9994     0.9983
10241.700      1.0011     0.9983
10241.800      1.0005     0.9983
10241.900      0.9990     0.9983
10242.000      0.9972     0.9983
10242.100      0.9971     0.9983
10242.200      0.9985     0.9983
10242.300      0.9993     0.9983
10242.400      1.0000     0.9983
10242.500      1.0009     0.9983
10242.600      1.0021     0.9983
10242.700      1.0037     0.9983
10242.800      1.0048     0.9983
10242.900      1.0055     0.9983
10243.000      1.0058     0.9983
10243.100      1.0062     0.9983
10243.200      1.0067     0.9983
10243.300      1.0055     0.9983
10243.400      1.0031     0.9983
10243.500      1.0006     0.9983
10243.600      0.9982     0.9983
10243.700      0.9964     0.9982
10243.800      0.9960     0.9981
10243.900      0.9965     0.9980
10244.000      0.9968     0.9980
10244.100      0.9969     0.9980
10244.200      0.9966     0.9982
10244.300      0.9974     0.9983
10244.400      0.9997     0.9983
10244.500      1.0006     0.9983
10244.600      1.0009     0.9983
10244.700      1.0016     0.9983
10244.800      1.0015     0.9981
10244.900      1.0002     0.9975
10245.000      0.9996     0.9960
10245.100      0.9995     0.9939
10245.200      0.9983     0.9919
10245.300      0.9971     0.9903
10245.400      0.9962     0.9887
10245.500      0.9973     0.9877
10245.600      0.9999     0.9887
10245.700      1.0002     0.9919
10245.800      0.9972     0.9953
10245.900      0.9910     0.9973
10246.000      0.9865     0.9981
10246.100      0.9859     0.9983
10246.200      0.9879     0.9984
10246.300      0.9903     0.9983
10246.400      0.9923     0.9983
10246.500      0.9933     0.9983
10246.600      0.9928     0.9984
10246.700      0.9919     0.9984
10246.800      0.9909     0.9984
10246.900      0.9933     0.9984
10247.000      0.9961     0.9984
10247.100      0.9986     0.9984
10247.200      0.9988     0.9984
10247.300      0.9967     0.9983
10247.400      0.9955     0.9983
10247.500      0.9960     0.9983
10247.600      1.0001     0.9983
10247.700      1.0016     0.9983
10247.800      0.9992     0.9984
10247.900      0.9989     0.9984
10248.000      0.9995     0.9984
10248.100      0.9997     0.9984
10248.200      0.9998     0.9984
10248.300      0.9997     0.9984
10248.400      0.9966     0.9984
10248.500      0.9914     0.9984
10248.600      0.9936     0.9984
10248.700      0.9965     0.9984
10248.800      0.9964     0.9984
10248.900      0.9937     0.9984
10249.000      0.9899     0.9984
10249.100      0.9900     0.9984
10249.200      0.9922     0.9984
10249.300      0.9953     0.9984
10249.400      0.9976     0.9984
10249.500      0.9980     0.9984
10249.600      0.9980     0.9984
10249.700      0.9980     0.9984
10249.800      0.9985     0.9984
10249.900      0.9989     0.9984
10250.000      0.9989     0.9984
10250.100      0.9978     0.9984
10250.200      0.9962     0.9985
10250.300      0.9965     0.9985
10250.400      0.9982     0.9985
10250.500      1.0006     0.9985
10250.600      1.0005     0.9985
10250.700      0.9974     0.9985
10250.800      0.9957     0.9985
10250.900      0.9955     0.9985
10251.000      0.9967     0.9985
10251.100      0.9987     0.9985
10251.200      1.0010     0.9985
10251.300      1.0007     0.9985
10251.400      0.9989     0.9984
10251.500      1.0002     0.9984
10251.600      1.0011     0.9984
10251.700      1.0002     0.9983
10251.800      0.9994     0.9983
10251.900      0.9990     0.9983
10252.000      0.9999     0.9984
10252.100      1.0007     0.9984
10252.200      1.0004     0.9985
10252.300      0.9995     0.9985
10252.400      0.9980     0.9985
10252.500      0.9944     0.9985
10252.600      0.9903     0.9985
10252.700      0.9901     0.9985
10252.800      0.9907     0.9985
10252.900      0.9918     0.9985
10253.000      0.9948     0.9985
10253.100      0.9984     0.9985
10253.200      0.9990     0.9985
10253.300      0.9981     0.9985
10253.400      0.9967     0.9985
10253.500      0.9954     0.9985
10253.600      0.9949     0.9985
10253.700      0.9969     0.9985
10253.800      0.9994     0.9985
10253.900      1.0019     0.9985
10254.000      1.0034     0.9985
10254.100      1.0026     0.9984
10254.200      1.0003     0.9984
10254.300      0.9979     0.9985
10254.400      1.0002     0.9985
10254.500      1.0013     0.9985
10254.600      0.9998     0.9985
10254.700      0.9997     0.9985
10254.800      1.0011     0.9985
10254.900      1.0032     0.9985
10255.000      1.0043     0.9985
10255.100      1.0019     0.9985
10255.200      1.0001     0.9985
10255.300      0.9996     0.9985
10255.400      1.0000     0.9985
10255.500      1.0006     0.9985
10255.600      1.0011     0.9985
10255.700      1.0022     0.9985
10255.800      1.0042     0.9985
10255.900      1.0029     0.9984
10256.000      1.0004     0.9983
10256.100      1.0001     0.9978
10256.200      1.0021     0.9969
10256.300      1.0057     0.9951
10256.400      1.0058     0.9930
10256.500      1.0035     0.9913
10256.600      1.0029     0.9911
10256.700      1.0030     0.9923
10256.800      1.0034     0.9943
10256.900      1.0024     0.9962
10257.000      0.9999     0.9974
10257.100      0.9980     0.9981
10257.200      0.9968     0.9984
10257.300      0.9965     0.9985
10257.400      0.9949     0.9985
10257.500      0.9915     0.9985
10257.600      0.9892     0.9985
10257.700      0.9889     0.9985
10257.800      0.9920     0.9985
10257.900      0.9949     0.9985
10258.000      0.9968     0.9985
10258.100      0.9971     0.9985
10258.200      0.9967     0.9985
10258.300      1.0001     0.9985
10258.400      1.0037     0.9985
10258.500      1.0048     0.9985
10258.600      1.0025     0.9985
10258.700      0.9983     0.9986
10258.800      0.9948     0.9986
10258.900      0.9927     0.9986
10259.000      0.9940     0.9985
10259.100      0.9973     0.9985
10259.200      1.0016     0.9985
10259.300      1.0034     0.9985
10259.400      1.0011     0.9985
10259.500      0.9937     0.9986
10259.600      0.9877     0.9986
10259.700      0.9878     0.9986
10259.800      0.9918     0.9986
10259.900      0.9969     0.9986
10260.000      0.9991     0.9986
10260.100      0.9995     0.9986
10260.200      0.9989     0.9986
10260.300      0.9951     0.9986
10260.400      0.9893     0.9986
10260.500      0.9869     0.9986
10260.600      0.9884     0.9986
10260.700      0.9930     0.9986
10260.800      0.9953     0.9986
10260.900      0.9938     0.9986
10261.000      0.9936     0.9986
10261.100      0.9941     0.9986
10261.200      0.9935     0.9986
10261.300      0.9930     0.9986
10261.400      0.9932     0.9986
10261.500      0.9931     0.9986
10261.600      0.9928     0.9986
10261.700      0.9927     0.9986
10261.800      0.9930     0.9986
10261.900      0.9940     0.9986
10262.000      0.9948     0.9986
10262.100      0.9948     0.9986
10262.200      0.9930     0.9986
10262.300      0.9908     0.9985
10262.400      0.9894     0.9985
10262.500      0.9900     0.9985
10262.600      0.9921     0.9985
10262.700      0.9916     0.9986
10262.800      0.9896     0.9986
10262.900      0.9889     0.9986
10263.000      0.9880     0.9985
10263.100      0.9863     0.9984
10263.200      0.9881     0.9985
10263.300      0.9930     0.9985
10263.400      0.9970     0.9986
10263.500      0.9983     0.9986
10263.600      0.9921     0.9987
10263.700      0.9877     0.9987
10263.800      0.9877     0.9987
10263.900      0.9916     0.9987
10264.000      0.9961     0.9986
10264.100      0.9991     0.9986
10264.200      0.9992     0.9986
10264.300      0.9961     0.9986
10264.400      0.9927     0.9987
10264.500      0.9892     0.9987
10264.600      0.9942     0.9987
10264.700      0.9992     0.9987
10264.800      0.9999     0.9987
10264.900      0.9965     0.9987
10265.000      0.9915     0.9987
10265.100      0.9944     0.9987
10265.200      0.9982     0.9986
10265.300      0.9961     0.9987
10265.400      0.9956     0.9987
10265.500      0.9981     0.9987
10265.600      1.0015     0.9987
10265.700      1.0049     0.9987
10265.800      0.9998     0.9987
10265.900      0.9948     0.9987
10266.000      0.9907     0.9987
10266.100      0.9910     0.9987
10266.200      0.9937     0.9987
10266.300      0.9962     0.9987
10266.400      0.9982     0.9987
10266.500      0.9990     0.9987
10266.600      1.0009     0.9987
10266.700      1.0036     0.9987
10266.800      1.0040     0.9987
10266.900      1.0041     0.9987
10267.000      1.0061     0.9987
10267.100      1.0048     0.9987
10267.200      0.9985     0.9987
10267.300      0.9941     0.9987
10267.400      0.9922     0.9987
10267.500      0.9916     0.9987
10267.600      0.9919     0.9987
10267.700      0.9928     0.9987
10267.800      0.9968     0.9987
10267.900      1.0023     0.9987
10268.000      1.0012     0.9987
10268.100      0.9997     0.9987
10268.200      1.0005     0.9987
10268.300      1.0027     0.9987
10268.400      1.0054     0.9987
10268.500      1.0024     0.9987
10268.600      0.9984     0.9987
10268.700      0.9988     0.9987
10268.800      0.9999     0.9987
10268.900      1.0013     0.9987
10269.000      1.0005     0.9987
10269.100      0.9988     0.9987
10269.200      0.9988     0.9987
10269.300      0.9997     0.9987
10269.400      1.0011     0.9987
10269.500      1.0010     0.9987
10269.600      0.9998     0.9987
10269.700      1.0002     0.9987
10269.800      1.0005     0.9987
10269.900      0.9992     0.9987
10270.000      1.0007     0.9985
10270.100      1.0052     0.9983
10270.200      1.0021     0.9982
10270.300      0.9970     0.9983
10270.400      0.9932     0.9985
10270.500      0.9922     0.9986
10270.600      0.9936     0.9987
10270.700      0.9907     0.9988
10270.800      0.9855     0.9988
10270.900      0.9904     0.9988
10271.000      0.9966     0.9988
10271.100      1.0031     0.9988
10271.200      1.0057     0.9988
10271.300      1.0051     0.9988
10271.400      1.0054     0.9988
10271.500      1.0055     0.9988
10271.600      1.0043     0.9988
10271.700      1.0040     0.9988
10271.800      1.0045     0.9988
10271.900      1.0026     0.9988
10272.000      0.9991     0.9988
10272.100      0.9950     0.9988
10272.200      0.9937     0.9988
10272.300      0.9973     0.9988
10272.400      0.9976     0.9988
10272.500      0.9961     0.9988
10272.600      0.9954     0.9988
10272.700      0.9949     0.9988
10272.800      0.9945     0.9988
10272.900      0.9933     0.9988
10273.000      0.9911     0.9988
10273.100      0.9887     0.9988
10273.200      0.9870     0.9987
10273.300      0.9910     0.9987
10273.400      0.9974     0.9986
10273.500      1.0044     0.9984
10273.600      1.0054     0.9981
10273.700      1.0041     0.9977
10273.800      1.0027     0.9974
10273.900      1.0018     0.9974
10274.000      1.0023     0.9976
10274.100      1.0015     0.9980
10274.200      0.9999     0.9984
10274.300      0.9992     0.9986
10274.400      0.9994     0.9987
10274.500      1.0001     0.9987
10274.600      0.9996     0.9985
10274.700      0.9981     0.9980
10274.800      0.9998     0.9972
10274.900      1.0022     0.9964
10275.000      1.0042     0.9961
10275.100      1.0061     0.9965
10275.200      1.0076     0.9973
10275.300      1.0050     0.9981
10275.400      0.9978     0.9986
10275.500      0.9864     0.9987
10275.600      0.9792     0.9988
10275.700      0.9814     0.9988
10275.800      0.9844     0.9988
10275.900      0.9881     0.9988
10276.000      0.9926     0.9988
10276.100      0.9977     0.9988
10276.200      1.0030     0.9988
10276.300      1.0048     0.9988
10276.400      1.0034     0.9988
10276.500      1.0025     0.9988
10276.600      1.0017     0.9988
10276.700      1.0006     0.9988
10276.800      0.9985     0.9988
10276.900      0.9955     0.9988
10277.000      0.9947     0.9988
10277.100      0.9957     0.9988
10277.200      0.9974     0.9988
10277.300      0.9996     0.9988
10277.400      1.0019     0.9988
10277.500      1.0018     0.9988
10277.600      0.9987     0.9988
10277.700      0.9944     0.9988
10277.800      0.9907     0.9988
10277.900      0.9896     0.9988
10278.000      0.9889     0.9988
10278.100      0.9884     0.9988
10278.200      0.9886     0.9989
10278.300      0.9900     0.9989
10278.400      0.9931     0.9989
10278.500      0.9955     0.9989
10278.600      0.9972     0.9989
10278.700      1.0002     0.9989
10278.800      1.0038     0.9988
10278.900      1.0032     0.9988
10279.000      1.0022     0.9988
10279.100      1.0012     0.9988
10279.200      0.9994     0.9988
10279.300      0.9972     0.9988
10279.400      0.9953     0.9988
10279.500      0.9944     0.9988
10279.600      0.9957     0.9989
10279.700      0.9965     0.9989
10279.800      0.9960     0.9989
10279.900      0.9944     0.9989
10280.000      0.9928     0.9989
10280.100      0.9939     0.9989
10280.200      0.9945     0.9989
10280.300      0.9943     0.9989
10280.400      0.9946     0.9989
10280.500      0.9953     0.9989
10280.600      0.9958     0.9989
10280.700      0.9965     0.9989
10280.800      0.9974     0.9989
10280.900      0.9991     0.9989
10281.000      1.0012     0.9989
10281.100      0.9969     0.9989
10281.200      0.9922     0.9989
10281.300      0.9910     0.9989
10281.400      0.9925     0.9989
10281.500      0.9951     0.9989
10281.600      0.9950     0.9989
10281.700      0.9942     0.9989
10281.800      0.9945     0.9989
10281.900      0.9958     0.9989
10282.000      0.9978     0.9989
10282.100      0.9972     0.9989
10282.200      0.9954     0.9989
10282.300      0.9937     0.9989
10282.400      0.9934     0.9989
10282.500      0.9958     0.9989
10282.600      0.9968     0.9989
10282.700      0.9967     0.9989
10282.800      0.9980     0.9989
10282.900      0.9990     0.9989
10283.000      0.9975     0.9989
10283.100      0.9958     0.9989
10283.200      0.9939     0.9989
10283.300      0.9911     0.9989
10283.400      0.9884     0.9989
10283.500      0.9934     0.9989
10283.600      0.9980     0.9988
10283.700      1.0007     0.9988
10283.800      0.9998     0.9987
10283.900      0.9974     0.9987
10284.000      0.9977     0.9987
10284.100      0.9980     0.9987
10284.200      0.9974     0.9986
10284.300      0.9972     0.9987
10284.400      0.9973     0.9987
10284.500      0.9972     0.9988
10284.600      0.9969     0.9989
10284.700      0.9959     0.9989
10284.800      0.9964     0.9989
10284.900      0.9990     0.9989
10285.000      1.0006     0.9989
10285.100      1.0010     0.9989
10285.200      0.9996     0.9989
10285.300      1.0000     0.9989
10285.400      1.0042     0.9989
10285.500      1.0069     0.9989
10285.600      1.0066     0.9989
10285.700      1.0019     0.9989
10285.800      0.9965     0.9989
10285.900      0.9909     0.9989
10286.000      0.9859     0.9989
10286.100      0.9831     0.9989
10286.200      0.9871     0.9989
10286.300      0.9923     0.9989
10286.400      0.9971     0.9989
10286.500      0.9990     0.9989
10286.600      0.9974     0.9989
10286.700      0.9980     0.9988
10286.800      0.9995     0.9988
10286.900      1.0008     0.9988
10287.000      1.0015     0.9988
10287.100      1.0012     0.9989
10287.200      1.0019     0.9989
10287.300      1.0032     0.9989
10287.400      1.0033     0.9989
10287.500      1.0025     0.9989
10287.600      1.0008     0.9989
10287.700      0.9959     0.9989
10287.800      0.9891     0.9989
10287.900      0.9885     0.9989
10288.000      0.9925     0.9989
10288.100      0.9990     0.9989
10288.200      1.0018     0.9988
10288.300      0.9990     0.9986
10288.400      0.9978     0.9981
10288.500      0.9986     0.9973
10288.600      1.0010     0.9953
10288.700      1.0021     0.9914
10288.800      0.9999     0.9862
10288.900      0.9977     0.9826
10289.000      0.9958     0.9835
10289.100      0.9957     0.9883
10289.200      0.9973     0.9936
10289.300      1.0002     0.9969
10289.400      1.0029     0.9982
10289.500      1.0047     0.9986
10289.600      1.0024     0.9987
10289.700      0.9981     0.9988
10289.800      0.9930     0.9988
10289.900      0.9910     0.9989
10290.000      0.9944     0.9989
10290.100      0.9985     0.9988
10290.200      1.0025     0.9985
10290.300      1.0051     0.9978
10290.400      1.0054     0.9968
10290.500      1.0032     0.9962
10290.600      1.0040     0.9965
10290.700      1.0069     0.9974
10290.800      1.0046     0.9983
10290.900      1.0016     0.9987
10291.000      0.9994     0.9989
10291.100      0.9977     0.9989
10291.200      0.9967     0.9990
10291.300      0.9969     0.9990
10291.400      0.9972     0.9990
10291.500      0.9948     0.9990
10291.600      0.9939     0.9990
10291.700      0.9968     0.9990
10291.800      1.0020     0.9990
10291.900      1.0075     0.9990
10292.000      1.0061     0.9990
10292.100      1.0048     0.9990
10292.200      1.0047     0.9990
10292.300      1.0047     0.9990
10292.400      1.0047     0.9990
10292.500      1.0026     0.9990
10292.600      1.0006     0.9990
10292.700      1.0014     0.9990
10292.800      1.0019     0.9990
10292.900      1.0014     0.9990
10293.000      0.9998     0.9990
10293.100      0.9977     0.9990
10293.200      0.9953     0.9990
10293.300      0.9946     0.9990
10293.400      0.9972     0.9990
10293.500      0.9996     0.9990
10293.600      1.0016     0.9990
10293.700      1.0016     0.9990
10293.800      1.0020     0.9990
10293.900      1.0038     0.9990
10294.000      1.0045     0.9990
10294.100      1.0026     0.9990
10294.200      0.9977     0.9990
10294.300      0.9928     0.9990
10294.400      0.9912     0.9990
10294.500      0.9933     0.9990
10294.600      0.9976     0.9990
10294.700      0.9997     0.9990
10294.800      1.0012     0.9990
10294.900      1.0075     0.9990
10295.000      1.0110     0.9990
10295.100      1.0078     0.9990
10295.200      1.0033     0.9990
10295.300      0.9986     0.9990
10295.400      0.9979     0.9990
10295.500      0.9994     0.9990
10295.600      1.0020     0.9990
10295.700      1.0056     0.9990
10295.800      1.0095     0.9990
10295.900      1.0080     0.9990
10296.000      1.0053     0.9990
10296.100      1.0032     0.9990
10296.200      1.0042     0.9990
10296.300      1.0088     0.9990
10296.400      1.0110     0.9990
10296.500      1.0096     0.9990
10296.600      1.0045     0.9990
10296.700      1.0015     0.9990
10296.800      1.0027     0.9990
10296.900      1.0038     0.9990
10297.000      1.0041     0.9990
10297.100      1.0007     0.9990
10297.200      0.9976     0.9990
10297.300      0.9989     0.9990
10297.400      1.0042     0.9990
10297.500      1.0109     0.9990
10297.600      1.0127     0.9990
10297.700      1.0109     0.9990
10297.800      1.0073     0.9990
10297.900      1.0019     0.9990
10298.000      0.9957     0.9990
10298.100      0.9974     0.9990
10298.200      1.0024     0.9990
10298.300      1.0054     0.9990
10298.400      1.0055     0.9990
10298.500      1.0031     0.9990
10298.600      1.0030     0.9990
10298.700      1.0044     0.9990
10298.800      1.0020     0.9990
10298.900      1.0004     0.9989
10299.000      1.0034     0.9987
10299.100      1.0057     0.9985
10299.200      1.0066     0.9983
10299.300      1.0068     0.9983
10299.400      1.0059     0.9985
10299.500      1.0033     0.9987
10299.600      1.0010     0.9989
10299.700      0.9991     0.9990
10299.800      0.9969     0.9990
10299.900      0.9946     0.9990
10300.000      0.9928     0.9990
10300.100      0.9927     0.9990
10300.200      0.9951     0.9990
10300.300      0.9957     0.9990
10300.400      0.9948     0.9990
10300.500      0.9936     0.9990
10300.600      0.9929     0.9990
10300.700      0.9940     0.9991
10300.800      0.9935     0.9990
10300.900      0.9911     0.9990
10301.000      0.9895     0.9989
10301.100      0.9891     0.9986
10301.200      0.9904     0.9981
10301.300      0.9900     0.9976
10301.400      0.9869     0.9975
10301.500      0.9868     0.9979
10301.600      0.9882     0.9984
10301.700      0.9873     0.9988
10301.800      0.9863     0.9990
10301.900      0.9854     0.9991
10302.000      0.9861     0.9991
10302.100      0.9878     0.9991
10302.200      0.9859     0.9990
10302.300      0.9836     0.9989
10302.400      0.9825     0.9988
10302.500      0.9823     0.9985
10302.600      0.9837     0.9984
10302.700      0.9884     0.9985
10302.800      0.9936     0.9987
10302.900      0.9947     0.9989
10303.000      0.9919     0.9990
10303.100      0.9867     0.9991
10303.200      0.9832     0.9991
10303.300      0.9824     0.9991
10303.400      0.9837     0.9991
10303.500      0.9861     0.9991
10303.600      0.9889     0.9991
10303.700      0.9913     0.9991
10303.800      0.9927     0.9991
10303.900      0.9931     0.9991
10304.000      0.9925     0.9991
10304.100      0.9909     0.9991
10304.200      0.9872     0.9991
10304.300      0.9820     0.9991
10304.400      0.9793     0.9991
10304.500      0.9805     0.9991
10304.600      0.9869     0.9991
10304.700      0.9918     0.9991
10304.800      0.9931     0.9991
10304.900      0.9939     0.9991
10305.000      0.9942     0.9991
10305.100      0.9936     0.9991
10305.200      0.9935     0.9991
10305.300      0.9951     0.9991
10305.400      0.9959     0.9991
10305.500      0.9950     0.9990
10305.600      0.9922     0.9990
10305.700      0.9892     0.9991
10305.800      0.9880     0.9991
10305.900      0.9899     0.9991
10306.000      0.9941     0.9991
10306.100      0.9962     0.9991
10306.200      0.9947     0.9991
10306.300      0.9875     0.9991
10306.400      0.9846     0.9991
10306.500      0.9906     0.9991
10306.600      0.9934     0.9991
10306.700      0.9919     0.9991
10306.800      0.9879     0.9991
10306.900      0.9862     0.9991
10307.000      0.9928     0.9991
10307.100      0.9960     0.9991
10307.200      0.9963     0.9990
10307.300      0.9965     0.9990
10307.400      0.9969     0.9989
10307.500      0.9976     0.9988
10307.600      0.9983     0.9989
10307.700      0.9991     0.9990
10307.800      0.9996     0.9990
10307.900      0.9998     0.9990
10308.000      0.9986     0.9990
10308.100      0.9983     0.9990
10308.200      1.0001     0.9991
10308.300      0.9994     0.9991
10308.400      0.9973     0.9991
10308.500      0.9991     0.9991
10308.600      1.0008     0.9991
10308.700      0.9996     0.9991
10308.800      0.9971     0.9991
10308.900      0.9942     0.9991
10309.000      0.9941     0.9991
10309.100      0.9953     0.9990
10309.200      0.9968     0.9990
10309.300      0.9999     0.9991
10309.400      1.0046     0.9991
10309.500      1.0034     0.9991
10309.600      0.9996     0.9991
10309.700      0.9975     0.9991
10309.800      0.9975     0.9991
10309.900      0.9991     0.9989
10310.000      1.0004     0.9986
10310.100      1.0009     0.9981
10310.200      1.0001     0.9976
10310.300      0.9997     0.9974
10310.400      1.0014     0.9977
10310.500      1.0019     0.9982
10310.600      1.0012     0.9987
10310.700      1.0019     0.9989
10310.800      1.0028     0.9990
10310.900      1.0005     0.9990
10311.000      0.9985     0.9990
10311.100      0.9979     0.9990
10311.200      1.0015     0.9989
10311.300      1.0066     0.9989
10311.400      1.0060     0.9988
10311.500      1.0056     0.9988
10311.600      1.0063     0.9988
10311.700      1.0070     0.9988
10311.800      1.0075     0.9988
10311.900      1.0081     0.9989
10312.000      1.0084     0.9989
10312.100      1.0077     0.9988
10312.200      1.0060     0.9984
10312.300      1.0039     0.9978
10312.400      1.0060     0.9970
10312.500      1.0090     0.9965
10312.600      1.0078     0.9967
10312.700      1.0068     0.9973
10312.800      1.0071     0.9979
10312.900      1.0098     0.9980
10313.000      1.0132     0.9974
10313.100      1.0137     0.9967
10313.200      1.0133     0.9963
10313.300      1.0125     0.9968
10313.400      1.0095     0.9977
10313.500      1.0053     0.9985
10313.600      1.0047     0.9989
10313.700      1.0064     0.9991
10313.800      1.0092     0.9991
10313.900      1.0115     0.9991
10314.000      1.0129     0.9991
10314.100      1.0143     0.9991
10314.200      1.0156     0.9991
10314.300      1.0154     0.9991
10314.400      1.0116     0.9991
10314.500      1.0038     0.9991
10314.600      1.0010     0.9991
10314.700      1.0007     0.9991
10314.800      0.9994     0.9992
10314.900      0.9988     0.9992
10315.000      1.0011     0.9992
10315.100      1.0039     0.9992
10315.200      1.0068     0.9992
10315.300      1.0045     0.9992
10315.400      1.0022     0.9992
10315.500      1.0059     0.9992
10315.600      1.0094     0.9992
10315.700      1.0120     0.9992
10315.800      1.0126     0.9992
10315.900      1.0098     0.9992
10316.000      1.0019     0.9992
10316.100      0.9943     0.9992
10316.200      0.9896     0.9992
10316.300      0.9920     0.9992
10316.400      0.9974     0.9992
10316.500      0.9951     0.9992
10316.600      0.9924     0.9992
10316.700      0.9918     0.9992
10316.800      0.9941     0.9992
10316.900      0.9978     0.9992
10317.000      0.9981     0.9992
10317.100      0.9976     0.9992
10317.200      0.9975     0.9992
10317.300      0.9979     0.9992
10317.400      0.9987     0.9992
10317.500      0.9985     0.9992
10317.600      0.9972     0.9992
10317.700      0.9953     0.9992
10317.800      0.9934     0.9992
10317.900      0.9924     0.9992
10318.000      0.9940     0.9992
10318.100      0.9969     0.9992
10318.200      0.9945     0.9992
10318.300      0.9917     0.9992
10318.400      0.9907     0.9992
10318.500      0.9921     0.9992
10318.600      0.9949     0.9992
10318.700      0.9931     0.9991
10318.800      0.9906     0.9991
10318.900      0.9922     0.9990
10319.000      0.9930     0.9989
10319.100      0.9925     0.9988
10319.200      0.9914     0.9988
10319.300      0.9902     0.9989
10319.400      0.9908     0.9988
10319.500      0.9918     0.9983
10319.600      0.9930     0.9973
10319.700      0.9941     0.9962
10319.800      0.9949     0.9956
10319.900      0.9930     0.9960
10320.000      0.9909     0.9967
10320.100      0.9891     0.9970
10320.200      0.9881     0.9971
10320.300      0.9891     0.9973
10320.400      0.9931     0.9977
10320.500      0.9974     0.9983
10320.600      0.9998     0.9987
10320.700      1.0003     0.9990
10320.800      0.9996     0.9990
10320.900      0.9992     0.9990
10321.000      0.9988     0.9989
10321.100      0.9965     0.9988
10321.200      0.9952     0.9989
10321.300      0.9968     0.9990
10321.400      0.9976     0.9991
10321.500      0.9978     0.9991
10321.600      0.9985     0.9992
10321.700      0.9997     0.9992
10321.800      1.0015     0.9992
10321.900      1.0037     0.9992
10322.000      1.0061     0.9992
10322.100      1.0064     0.9992
10322.200      1.0062     0.9992
10322.300      1.0075     0.9992
10322.400      1.0077     0.9992
10322.500      1.0060     0.9992
10322.600      1.0060     0.9992
10322.700      1.0067     0.9992
10322.800      1.0031     0.9992
10322.900      0.9994     0.9992
10323.000      0.9966     0.9991
10323.100      0.9979     0.9990
10323.200      1.0019     0.9986
10323.300      1.0016     0.9980
10323.400      0.9994     0.9976
10323.500      0.9964     0.9977
10323.600      0.9954     0.9982
10323.700      0.9968     0.9987
10323.800      0.9974     0.9991
10323.900      0.9980     0.9992
10324.000      1.0028     0.9992
10324.100      1.0051     0.9992
10324.200      1.0031     0.9992
10324.300      1.0012     0.9992
10324.400      0.9995     0.9992
10324.500      0.9968     0.9992
10324.600      0.9955     0.9992
10324.700      0.9984     0.9992
10324.800      0.9998     0.9992
10324.900      0.9998     0.9992
10325.000      1.0001     0.9992
10325.100      1.0008     0.9992
10325.200      1.0022     0.9992
10325.300      1.0053     0.9992
10325.400      1.0098     0.9992
10325.500      1.0089     0.9992
10325.600      1.0063     0.9992
10325.700      1.0054     0.9992
10325.800      1.0052     0.9992
10325.900      1.0047     0.9992
10326.000      1.0041     0.9992
10326.100      1.0036     0.9991
10326.200      1.0030     0.9991
10326.300      1.0025     0.9991
10326.400      1.0019     1.0000
10326.500      1.0014     1.0000
10326.600      1.0008     1.0000
10326.700      1.0003     1.0000
10326.800      0.9997     1.0000
10326.900      0.9991     1.0000
10327.000      0.9986     1.0000
