# t09572g430x+000m0                                           
# 95529790.kgf                                                
# data\m58.fits                                               
# xmin,xmax,dshft,yshift,fz:   9433.00   9909.00   0.00000   0.00000   1.00000
# vw,rp,ifabs:   0.0    28300.   0
#                                                                     
# wave(A)   obs.spec.  the.spec.  overplot1  overplot2  overplot3  overplot4
 9552.000      1.0852     1.0000
 9552.100      1.0749     1.0000
 9552.200      1.0647     1.0000
 9552.300      1.0545     1.0000
 9552.400      1.0442     1.0000
 9552.500      1.0340     1.0000
 9552.600      1.0238     0.7088
 9552.700      1.0135     0.7102
 9552.800      1.0033     0.7117
 9552.900      0.9931     0.7132
 9553.000      0.9829     0.7147
 9553.100      0.9726     0.7161
 9553.200      0.9624     0.7176
 9553.300      0.9522     0.7190
 9553.400      0.9419     0.7204
 9553.500      0.9317     0.7219
 9553.600      0.9247     0.7233
 9553.700      0.9768     0.7247
 9553.800      1.0236     0.7261
 9553.900      1.0531     0.7274
 9554.000      1.0628     0.7288
 9554.100      1.0627     0.7302
 9554.200      1.0573     0.7316
 9554.300      1.0456     0.7329
 9554.400      1.0305     0.7342
 9554.500      1.0137     0.7356
 9554.600      1.0020     0.7369
 9554.700      0.9989     0.7382
 9554.800      0.9968     0.7395
 9554.900      0.9928     0.7408
 9555.000      0.9757     0.7421
 9555.100      0.9535     0.7434
 9555.200      0.9274     0.7446
 9555.300      0.8977     0.7459
 9555.400      0.8553     0.7471
 9555.500      0.7771     0.7483
 9555.600      0.6460     0.7496
 9555.700      0.4822     0.7509
 9555.800      0.3032     0.7522
 9555.900      0.1582     0.7534
 9556.000      0.1055     0.7546
 9556.100      0.1730     0.7558
 9556.200      0.2524     0.7570
 9556.300      0.3326     0.7582
 9556.400      0.3600     0.7593
 9556.500      0.3633     0.7605
 9556.600      0.3991     0.7617
 9556.700      0.4306     0.7629
 9556.800      0.4432     0.7641
 9556.900      0.4075     0.7652
 9557.000      0.3759     0.7664
 9557.100      0.4214     0.7675
 9557.200      0.5535     0.7687
 9557.300      0.7130     0.7698
 9557.400      0.8375     0.7709
 9557.500      0.9187     0.7720
 9557.600      0.9591     0.7731
 9557.700      0.9824     0.7742
 9557.800      0.9891     0.7754
 9557.900      0.9798     0.7765
 9558.000      0.9691     0.7776
 9558.100      0.9567     0.7787
 9558.200      0.9273     0.7797
 9558.300      0.8527     0.7808
 9558.400      0.7303     0.7818
 9558.500      0.6090     0.7828
 9558.600      0.5052     0.7839
 9558.700      0.5491     0.7849
 9558.800      0.6574     0.7860
 9558.900      0.7835     0.7870
 9559.000      0.8583     0.7881
 9559.100      0.8716     0.7892
 9559.200      0.8203     0.7902
 9559.300      0.7053     0.7912
 9559.400      0.5700     0.7922
 9559.500      0.4303     0.7932
 9559.600      0.3030     0.7942
 9559.700      0.2132     0.7951
 9559.800      0.1527     0.7961
 9559.900      0.1452     0.7971
 9560.000      0.2183     0.7980
 9560.100      0.3480     0.7990
 9560.200      0.4908     0.8000
 9560.300      0.6251     0.8010
 9560.400      0.7449     0.8020
 9560.500      0.8337     0.8030
 9560.600      0.8771     0.8039
 9560.700      0.8543     0.8049
 9560.800      0.7614     0.8058
 9560.900      0.6802     0.8067
 9561.000      0.6364     0.8076
 9561.100      0.6820     0.8084
 9561.200      0.7310     0.8093
 9561.300      0.7742     0.8101
 9561.400      0.8082     0.8110
 9561.500      0.8437     0.8118
 9561.600      0.9114     0.8128
 9561.700      0.9686     0.8138
 9561.800      1.0000     0.8148
 9561.900      1.0052     0.8157
 9562.000      1.0009     0.8166
 9562.100      0.9933     0.8175
 9562.200      0.9909     0.8183
 9562.300      0.9952     0.8192
 9562.400      1.0042     0.8201
 9562.500      1.0134     0.8209
 9562.600      1.0227     0.8218
 9562.700      1.0267     0.8226
 9562.800      1.0244     0.8235
 9562.900      1.0173     0.8243
 9563.000      1.0092     0.8251
 9563.100      1.0012     0.8259
 9563.200      1.0012     0.8265
 9563.300      1.0037     0.8271
 9563.400      1.0069     0.8277
 9563.500      1.0074     0.8285
 9563.600      1.0078     0.8296
 9563.700      1.0115     0.8306
 9563.800      1.0148     0.8317
 9563.900      1.0166     0.8326
 9564.000      1.0127     0.8335
 9564.100      1.0097     0.8343
 9564.200      1.0089     0.8350
 9564.300      1.0050     0.8358
 9564.400      0.9944     0.8366
 9564.500      0.9713     0.8373
 9564.600      0.9324     0.8380
 9564.700      0.8705     0.8387
 9564.800      0.7722     0.8394
 9564.900      0.6556     0.8401
 9565.000      0.5318     0.8409
 9565.100      0.4198     0.8417
 9565.200      0.3411     0.8425
 9565.300      0.3428     0.8432
 9565.400      0.4373     0.8439
 9565.500      0.5775     0.8447
 9565.600      0.7165     0.8454
 9565.700      0.8398     0.8461
 9565.800      0.8934     0.8469
 9565.900      0.9093     0.8477
 9566.000      0.8880     0.8485
 9566.100      0.8209     0.8493
 9566.200      0.6942     0.8500
 9566.300      0.5333     0.8507
 9566.400      0.4105     0.8514
 9566.500      0.3795     0.8521
 9566.600      0.4914     0.8528
 9566.700      0.6290     0.8535
 9566.800      0.7709     0.8541
 9566.900      0.8406     0.8548
 9567.000      0.8599     0.8555
 9567.100      0.8374     0.8561
 9567.200      0.7709     0.8568
 9567.300      0.6523     0.8574
 9567.400      0.4754     0.8581
 9567.500      0.3124     0.8587
 9567.600      0.2058     0.8591
 9567.700      0.2391     0.8593
 9567.800      0.3690     0.8592
 9567.900      0.5443     0.8594
 9568.000      0.6931     0.8603
 9568.100      0.7943     0.8616
 9568.200      0.8466     0.8628
 9568.300      0.8661     0.8638
 9568.400      0.8616     0.8645
 9568.500      0.8377     0.8653
 9568.600      0.7953     0.8660
 9568.700      0.7313     0.8667
 9568.800      0.6124     0.8674
 9568.900      0.4571     0.8680
 9569.000      0.2898     0.8686
 9569.100      0.1422     0.8692
 9569.200      0.0779     0.8698
 9569.300      0.1168     0.8704
 9569.400      0.2443     0.8710
 9569.500      0.4292     0.8715
 9569.600      0.6061     0.8717
 9569.700      0.7566     0.8714
 9569.800      0.8486     0.8708
 9569.900      0.9029     0.8707
 9570.000      0.9343     0.8718
 9570.100      0.9519     0.8734
 9570.200      0.9621     0.8748
 9570.300      0.9675     0.8758
 9570.400      0.9712     0.8764
 9570.500      0.9732     0.8769
 9570.600      0.9687     0.8773
 9570.700      0.9643     0.8779
 9570.800      0.9615     0.8786
 9570.900      0.9400     0.8794
 9571.000      0.8775     0.8800
 9571.100      0.7542     0.8806
 9571.200      0.6214     0.8811
 9571.300      0.4866     0.8817
 9571.400      0.3878     0.8824
 9571.500      0.3584     0.8830
 9571.600      0.4306     0.8836
 9571.700      0.5784     0.8842
 9571.800      0.7441     0.8847
 9571.900      0.8697     0.8853
 9572.000      0.9462     0.8858
 9572.100      0.9766     0.8864
 9572.200      0.9830     0.8868
 9572.300      0.9828     0.8868
 9572.400      0.9798     0.8862
 9572.500      0.9665     0.8853
 9572.600      0.9320     0.8851
 9572.700      0.8551     0.8864
 9572.800      0.7796     0.8883
 9572.900      0.7277     0.8899
 9573.000      0.7528     0.8908
 9573.100      0.8004     0.8914
 9573.200      0.8297     0.8919
 9573.300      0.8049     0.8924
 9573.400      0.7431     0.8928
 9573.500      0.6841     0.8933
 9573.600      0.6156     0.8937
 9573.700      0.5212     0.8942
 9573.800      0.4313     0.8947
 9573.900      0.3634     0.8952
 9574.000      0.4408     0.8957
 9574.100      0.5854     0.8960
 9574.200      0.7521     0.8963
 9574.300      0.8702     0.8967
 9574.400      0.9371     0.8973
 9574.500      0.9672     0.8979
 9574.600      0.9793     0.8984
 9574.700      0.9845     0.8989
 9574.800      0.9872     0.8993
 9574.900      0.9857     0.8997
 9575.000      0.9777     0.9004
 9575.100      0.9552     0.9011
 9575.200      0.9258     0.9017
 9575.300      0.8942     0.9022
 9575.400      0.8809     0.9026
 9575.500      0.9016     0.9031
 9575.600      0.9501     0.9035
 9575.700      0.9943     0.9039
 9575.800      1.0179     0.9042
 9575.900      1.0229     0.9045
 9576.000      1.0232     0.9049
 9576.100      1.0229     0.9054
 9576.200      1.0236     0.9059
 9576.300      1.0253     0.9062
 9576.400      1.0251     0.9064
 9576.500      1.0223     0.9065
 9576.600      1.0162     0.9067
 9576.700      1.0056     0.9072
 9576.800      0.9941     0.9079
 9576.900      0.9887     0.9086
 9577.000      0.9921     0.9092
 9577.100      1.0008     0.9097
 9577.200      1.0084     0.9101
 9577.300      1.0148     0.9105
 9577.400      1.0199     0.9109
 9577.500      1.0219     0.9113
 9577.600      1.0210     0.9117
 9577.700      1.0186     0.9121
 9577.800      1.0121     0.9125
 9577.900      0.9952     0.9129
 9578.000      0.9510     0.9133
 9578.100      0.9013     0.9137
 9578.200      0.8565     0.9140
 9578.300      0.8490     0.9143
 9578.400      0.8843     0.9146
 9578.500      0.9374     0.9150
 9578.600      0.9817     0.9154
 9578.700      0.9990     0.9159
 9578.800      1.0030     0.9164
 9578.900      1.0036     0.9169
 9579.000      1.0034     0.9174
 9579.100      0.9984     0.9178
 9579.200      0.9787     0.9182
 9579.300      0.9201     0.9186
 9579.400      0.8281     0.9190
 9579.500      0.7180     0.9194
 9579.600      0.6545     0.9197
 9579.700      0.6754     0.9201
 9579.800      0.7891     0.9204
 9579.900      0.8926     0.9208
 9580.000      0.9619     0.9211
 9580.100      0.9844     0.9215
 9580.200      0.9988     0.9218
 9580.300      1.0121     0.9220
 9580.400      1.0175     0.9223
 9580.500      1.0169     0.9225
 9580.600      1.0145     0.9228
 9580.700      1.0148     0.9232
 9580.800      1.0194     0.9236
 9580.900      1.0212     0.9241
 9581.000      1.0183     0.9245
 9581.100      1.0105     0.9248
 9581.200      1.0032     0.9252
 9581.300      0.9962     0.9255
 9581.400      0.9864     0.9258
 9581.500      0.9656     0.9262
 9581.600      0.9181     0.9265
 9581.700      0.8444     0.9268
 9581.800      0.7689     0.9271
 9581.900      0.7304     0.9274
 9582.000      0.7126     0.9278
 9582.100      0.7012     0.9281
 9582.200      0.6029     0.9284
 9582.300      0.4654     0.9287
 9582.400      0.3156     0.9290
 9582.500      0.2210     0.9293
 9582.600      0.2117     0.9296
 9582.700      0.2695     0.9299
 9582.800      0.3879     0.9302
 9582.900      0.5307     0.9305
 9583.000      0.6537     0.9308
 9583.100      0.7372     0.9312
 9583.200      0.7504     0.9315
 9583.300      0.6898     0.9318
 9583.400      0.5682     0.9321
 9583.500      0.3939     0.9325
 9583.600      0.2383     0.9329
 9583.700      0.1680     0.9333
 9583.800      0.2394     0.9337
 9583.900      0.3636     0.9340
 9584.000      0.5005     0.9343
 9584.100      0.5639     0.9346
 9584.200      0.5332     0.9349
 9584.300      0.4682     0.9351
 9584.400      0.4422     0.9354
 9584.500      0.5302     0.9355
 9584.600      0.6702     0.9355
 9584.700      0.8102     0.9354
 9584.800      0.8796     0.9354
 9584.900      0.9140     0.9358
 9585.000      0.9374     0.9364
 9585.100      0.9603     0.9370
 9585.200      0.9787     0.9374
 9585.300      0.9851     0.9378
 9585.400      0.9866     0.9381
 9585.500      0.9876     0.9384
 9585.600      0.9934     0.9385
 9585.700      0.9991     0.9386
 9585.800      1.0045     0.9386
 9585.900      0.9947     0.9387
 9586.000      0.9696     0.9390
 9586.100      0.9355     0.9395
 9586.200      0.9179     0.9400
 9586.300      0.9271     0.9404
 9586.400      0.9596     0.9407
 9586.500      0.9864     0.9410
 9586.600      0.9972     0.9412
 9586.700      0.9962     0.9415
 9586.800      0.9945     0.9417
 9586.900      0.9965     0.9420
 9587.000      0.9912     0.9422
 9587.100      0.9740     0.9425
 9587.200      0.9492     0.9427
 9587.300      0.9314     0.9429
 9587.400      0.9380     0.9432
 9587.500      0.9615     0.9434
 9587.600      0.9871     0.9437
 9587.700      1.0029     0.9439
 9587.800      1.0066     0.9441
 9587.900      0.9955     0.9443
 9588.000      0.9714     0.9445
 9588.100      0.9351     0.9448
 9588.200      0.8866     0.9450
 9588.300      0.8204     0.9453
 9588.400      0.7510     0.9455
 9588.500      0.7286     0.9458
 9588.600      0.7630     0.9462
 9588.700      0.8283     0.9465
 9588.800      0.8852     0.9469
 9588.900      0.9239     0.9471
 9589.000      0.9376     0.9474
 9589.100      0.9465     0.9476
 9589.200      0.9495     0.9478
 9589.300      0.9310     0.9480
 9589.400      0.8643     0.9482
 9589.500      0.7580     0.9484
 9589.600      0.6518     0.9486
 9589.700      0.5632     0.9487
 9589.800      0.6016     0.9489
 9589.900      0.7092     0.9491
 9590.000      0.8351     0.9494
 9590.100      0.9074     0.9497
 9590.200      0.9428     0.9499
 9590.300      0.9549     0.9500
 9590.400      0.9558     0.9502
 9590.500      0.9441     0.9504
 9590.600      0.9124     0.9506
 9590.700      0.8467     0.9507
 9590.800      0.7430     0.9504
 9590.900      0.6064     0.9500
 9591.000      0.4737     0.9499
 9591.100      0.3835     0.9504
 9591.200      0.3686     0.9512
 9591.300      0.3779     0.9518
 9591.400      0.3757     0.9521
 9591.500      0.3358     0.9521
 9591.600      0.2633     0.9520
 9591.700      0.2510     0.9520
 9591.800      0.3107     0.9522
 9591.900      0.4204     0.9522
 9592.000      0.4986     0.9516
 9592.100      0.5571     0.9504
 9592.200      0.6166     0.9495
 9592.300      0.6765     0.9502
 9592.400      0.7365     0.9519
 9592.500      0.7075     0.9535
 9592.600      0.6035     0.9543
 9592.700      0.4646     0.9546
 9592.800      0.3951     0.9548
 9592.900      0.4522     0.9549
 9593.000      0.6129     0.9547
 9593.100      0.7636     0.9543
 9593.200      0.8569     0.9536
 9593.300      0.8982     0.9529
 9593.400      0.8824     0.9527
 9593.500      0.8066     0.9533
 9593.600      0.6661     0.9543
 9593.700      0.5011     0.9555
 9593.800      0.4131     0.9563
 9593.900      0.4407     0.9568
 9594.000      0.5632     0.9571
 9594.100      0.6724     0.9574
 9594.200      0.7376     0.9576
 9594.300      0.6715     0.9579
 9594.400      0.5938     0.9582
 9594.500      0.5138     0.9584
 9594.600      0.5296     0.9585
 9594.700      0.5624     0.9587
 9594.800      0.5691     0.9588
 9594.900      0.4882     0.9590
 9595.000      0.3653     0.9591
 9595.100      0.3104     0.9592
 9595.200      0.3764     0.9592
 9595.300      0.5352     0.9591
 9595.400      0.6918     0.9586
 9595.500      0.8307     0.9580
 9595.600      0.8901     0.9576
 9595.700      0.9160     0.9579
 9595.800      0.9301     0.9587
 9595.900      0.9413     0.9596
 9596.000      0.9471     0.9603
 9596.100      0.9455     0.9607
 9596.200      0.9385     0.9610
 9596.300      0.9216     0.9612
 9596.400      0.8771     0.9614
 9596.500      0.7750     0.9615
 9596.600      0.6399     0.9617
 9596.700      0.5422     0.9618
 9596.800      0.5283     0.9620
 9596.900      0.6069     0.9621
 9597.000      0.6720     0.9623
 9597.100      0.6976     0.9624
 9597.200      0.6268     0.9626
 9597.300      0.5666     0.9627
 9597.400      0.5499     0.9629
 9597.500      0.6242     0.9630
 9597.600      0.7216     0.9630
 9597.700      0.8225     0.9631
 9597.800      0.8961     0.9631
 9597.900      0.9333     0.9633
 9598.000      0.9509     0.9635
 9598.100      0.9644     0.9638
 9598.200      0.9755     0.9640
 9598.300      0.9827     0.9641
 9598.400      0.9851     0.9641
 9598.500      0.9808     0.9637
 9598.600      0.9655     0.9627
 9598.700      0.9332     0.9614
 9598.800      0.8729     0.9609
 9598.900      0.8149     0.9611
 9599.000      0.7802     0.9609
 9599.100      0.7978     0.9595
 9599.200      0.8410     0.9584
 9599.300      0.8909     0.9594
 9599.400      0.9325     0.9619
 9599.500      0.9546     0.9641
 9599.600      0.9623     0.9652
 9599.700      0.9579     0.9658
 9599.800      0.9392     0.9661
 9599.900      0.8699     0.9663
 9600.000      0.7626     0.9666
 9600.100      0.6394     0.9668
 9600.200      0.5511     0.9670
 9600.300      0.5340     0.9671
 9600.400      0.5499     0.9672
 9600.500      0.5787     0.9673
 9600.600      0.6154     0.9675
 9600.700      0.6930     0.9676
 9600.800      0.7900     0.9677
 9600.900      0.8611     0.9678
 9601.000      0.8886     0.9679
 9601.100      0.8468     0.9679
 9601.200      0.7242     0.9679
 9601.300      0.5897     0.9677
 9601.400      0.4654     0.9674
 9601.500      0.4360     0.9673
 9601.600      0.5255     0.9673
 9601.700      0.6707     0.9674
 9601.800      0.7930     0.9677
 9601.900      0.8405     0.9681
 9602.000      0.8466     0.9684
 9602.100      0.8486     0.9687
 9602.200      0.8704     0.9689
 9602.300      0.8989     0.9690
 9602.400      0.9292     0.9687
 9602.500      0.9517     0.9665
 9602.600      0.9635     0.9567
 9602.700      0.9614     0.9280
 9602.800      0.9402     0.8722
 9602.900      0.9140     0.8028
 9603.000      0.8893     0.7575
 9603.100      0.8745     0.7670
 9603.200      0.8813     0.8247
 9603.300      0.9074     0.8933
 9603.400      0.9299     0.9408
 9603.500      0.9149     0.9623
 9603.600      0.8604     0.9689
 9603.700      0.7936     0.9704
 9603.800      0.7838     0.9707
 9603.900      0.8282     0.9708
 9604.000      0.9024     0.9708
 9604.100      0.9529     0.9707
 9604.200      0.9772     0.9706
 9604.300      0.9849     0.9705
 9604.400      0.9922     0.9708
 9604.500      0.9993     0.9712
 9604.600      1.0051     0.9715
 9604.700      1.0080     0.9718
 9604.800      1.0079     0.9719
 9604.900      1.0077     0.9720
 9605.000      1.0067     0.9721
 9605.100      1.0015     0.9722
 9605.200      1.0005     0.9723
 9605.300      1.0038     0.9724
 9605.400      1.0051     0.9725
 9605.500      0.9991     0.9726
 9605.600      0.9766     0.9727
 9605.700      0.9419     0.9727
 9605.800      0.9024     0.9726
 9605.900      0.8611     0.9726
 9606.000      0.8305     0.9727
 9606.100      0.8304     0.9728
 9606.200      0.8608     0.9729
 9606.300      0.8938     0.9728
 9606.400      0.9175     0.9727
 9606.500      0.9276     0.9723
 9606.600      0.9215     0.9718
 9606.700      0.9040     0.9710
 9606.800      0.8561     0.9701
 9606.900      0.7637     0.9698
 9607.000      0.6363     0.9703
 9607.100      0.5153     0.9713
 9607.200      0.4751     0.9723
 9607.300      0.4863     0.9731
 9607.400      0.5119     0.9737
 9607.500      0.4313     0.9740
 9607.600      0.3378     0.9743
 9607.700      0.2425     0.9745
 9607.800      0.2425     0.9747
 9607.900      0.3535     0.9749
 9608.000      0.5347     0.9750
 9608.100      0.6951     0.9752
 9608.200      0.7988     0.9753
 9608.300      0.8455     0.9754
 9608.400      0.8355     0.9755
 9608.500      0.7732     0.9756
 9608.600      0.6572     0.9756
 9608.700      0.5336     0.9757
 9608.800      0.5189     0.9757
 9608.900      0.6019     0.9756
 9609.000      0.7299     0.9756
 9609.100      0.8293     0.9758
 9609.200      0.8874     0.9760
 9609.300      0.9110     0.9763
 9609.400      0.9343     0.9764
 9609.500      0.9574     0.9765
 9609.600      0.9742     0.9765
 9609.700      0.9800     0.9760
 9609.800      0.9757     0.9749
 9609.900      0.9696     0.9732
 9610.000      0.9605     0.9719
 9610.100      0.9407     0.9719
 9610.200      0.8937     0.9731
 9610.300      0.8226     0.9749
 9610.400      0.7414     0.9763
 9610.500      0.6692     0.9771
 9610.600      0.6331     0.9774
 9610.700      0.6210     0.9775
 9610.800      0.6389     0.9776
 9610.900      0.6969     0.9777
 9611.000      0.7813     0.9778
 9611.100      0.8737     0.9779
 9611.200      0.9307     0.9781
 9611.300      0.9541     0.9782
 9611.400      0.9572     0.9782
 9611.500      0.9575     0.9783
 9611.600      0.9579     0.9784
 9611.700      0.9627     0.9784
 9611.800      0.9613     0.9785
 9611.900      0.9495     0.9785
 9612.000      0.9359     0.9785
 9612.100      0.9195     0.9786
 9612.200      0.8942     0.9787
 9612.300      0.8313     0.9788
 9612.400      0.7174     0.9789
 9612.500      0.5590     0.9790
 9612.600      0.4348     0.9790
 9612.700      0.4307     0.9791
 9612.800      0.5541     0.9791
 9612.900      0.6940     0.9792
 9613.000      0.7883     0.9793
 9613.100      0.8203     0.9794
 9613.200      0.8258     0.9795
 9613.300      0.8526     0.9796
 9613.400      0.8947     0.9796
 9613.500      0.9444     0.9797
 9613.600      0.9767     0.9798
 9613.700      0.9912     0.9798
 9613.800      0.9964     0.9799
 9613.900      0.9999     0.9800
 9614.000      1.0031     0.9800
 9614.100      1.0061     0.9801
 9614.200      1.0083     0.9802
 9614.300      1.0084     0.9802
 9614.400      1.0069     0.9803
 9614.500      1.0051     0.9804
 9614.600      1.0049     0.9804
 9614.700      1.0029     0.9805
 9614.800      0.9980     0.9805
 9614.900      0.9930     0.9806
 9615.000      0.9871     0.9807
 9615.100      0.9797     0.9807
 9615.200      0.9763     0.9808
 9615.300      0.9798     0.9808
 9615.400      0.9900     0.9809
 9615.500      0.9973     0.9810
 9615.600      0.9995     0.9810
 9615.700      1.0015     0.9811
 9615.800      1.0024     0.9812
 9615.900      0.9998     0.9813
 9616.000      0.9965     0.9813
 9616.100      0.9924     0.9814
 9616.200      0.9840     0.9815
 9616.300      0.9564     0.9815
 9616.400      0.8905     0.9814
 9616.500      0.8045     0.9811
 9616.600      0.7220     0.9804
 9616.700      0.7180     0.9799
 9616.800      0.7744     0.9801
 9616.900      0.8529     0.9808
 9617.000      0.9086     0.9815
 9617.100      0.9288     0.9819
 9617.200      0.8931     0.9820
 9617.300      0.7757     0.9821
 9617.400      0.6249     0.9821
 9617.500      0.4668     0.9822
 9617.600      0.3686     0.9822
 9617.700      0.3830     0.9823
 9617.800      0.4429     0.9823
 9617.900      0.4908     0.9824
 9618.000      0.4852     0.9824
 9618.100      0.5269     0.9824
 9618.200      0.6338     0.9823
 9618.300      0.7812     0.9818
 9618.400      0.9026     0.9803
 9618.500      0.9559     0.9783
 9618.600      0.9700     0.9771
 9618.700      0.9768     0.9781
 9618.800      0.9824     0.9803
 9618.900      0.9881     0.9819
 9619.000      0.9938     0.9827
 9619.100      0.9987     0.9829
 9619.200      1.0028     0.9830
 9619.300      1.0055     0.9830
 9619.400      1.0042     0.9830
 9619.500      1.0010     0.9830
 9619.600      0.9973     0.9830
 9619.700      0.9937     0.9830
 9619.800      0.9906     0.9830
 9619.900      0.9901     0.9829
 9620.000      0.9884     0.9827
 9620.100      0.9764     0.9822
 9620.200      0.9542     0.9795
 9620.300      0.9113     0.9686
 9620.400      0.8128     0.9359
 9620.500      0.6724     0.8696
 9620.600      0.5151     0.7809
 9620.700      0.4426     0.7085
 9620.800      0.4826     0.6906
 9620.900      0.6095     0.7369
 9621.000      0.7253     0.8226
 9621.100      0.8150     0.9046
 9621.200      0.8602     0.9551
 9621.300      0.9036     0.9759
 9621.400      0.9459     0.9818
 9621.500      0.9747     0.9832
 9621.600      0.9864     0.9836
 9621.700      0.9844     0.9839
 9621.800      0.9804     0.9840
 9621.900      0.9751     0.9841
 9622.000      0.9680     0.9842
 9622.100      0.9562     0.9843
 9622.200      0.9277     0.9844
 9622.300      0.8590     0.9845
 9622.400      0.7464     0.9845
 9622.500      0.6012     0.9846
 9622.600      0.5003     0.9847
 9622.700      0.5078     0.9847
 9622.800      0.6316     0.9847
 9622.900      0.7590     0.9847
 9623.000      0.8520     0.9846
 9623.100      0.8920     0.9845
 9623.200      0.8876     0.9846
 9623.300      0.8602     0.9848
 9623.400      0.7953     0.9849
 9623.500      0.6844     0.9849
 9623.600      0.5154     0.9850
 9623.700      0.3474     0.9851
 9623.800      0.2515     0.9852
 9623.900      0.2830     0.9853
 9624.000      0.4081     0.9853
 9624.100      0.5748     0.9854
 9624.200      0.7220     0.9854
 9624.300      0.8084     0.9855
 9624.400      0.8517     0.9855
 9624.500      0.8662     0.9856
 9624.600      0.8614     0.9856
 9624.700      0.8405     0.9856
 9624.800      0.8043     0.9857
 9624.900      0.7530     0.9857
 9625.000      0.6636     0.9857
 9625.100      0.5378     0.9857
 9625.200      0.4212     0.9857
 9625.300      0.3432     0.9855
 9625.400      0.4133     0.9853
 9625.500      0.5657     0.9851
 9625.600      0.7430     0.9851
 9625.700      0.8605     0.9853
 9625.800      0.9246     0.9854
 9625.900      0.9549     0.9856
 9626.000      0.9757     0.9857
 9626.100      0.9899     0.9858
 9626.200      0.9968     0.9853
 9626.300      0.9977     0.9840
 9626.400      0.9950     0.9821
 9626.500      0.9913     0.9812
 9626.600      0.9843     0.9820
 9626.700      0.9630     0.9834
 9626.800      0.9091     0.9845
 9626.900      0.8266     0.9852
 9627.000      0.7288     0.9856
 9627.100      0.6668     0.9855
 9627.200      0.7000     0.9849
 9627.300      0.7898     0.9839
 9627.400      0.8794     0.9830
 9627.500      0.9076     0.9829
 9627.600      0.8807     0.9837
 9627.700      0.8350     0.9847
 9627.800      0.7924     0.9856
 9627.900      0.7673     0.9862
 9628.000      0.7685     0.9865
 9628.100      0.7405     0.9866
 9628.200      0.6867     0.9867
 9628.300      0.6219     0.9867
 9628.400      0.6060     0.9868
 9628.500      0.6401     0.9868
 9628.600      0.6553     0.9869
 9628.700      0.6088     0.9870
 9628.800      0.4752     0.9870
 9628.900      0.3728     0.9870
 9629.000      0.3508     0.9871
 9629.100      0.4833     0.9871
 9629.200      0.6354     0.9871
 9629.300      0.7916     0.9871
 9629.400      0.8903     0.9871
 9629.500      0.9412     0.9870
 9629.600      0.9657     0.9868
 9629.700      0.9760     0.9865
 9629.800      0.9837     0.9861
 9629.900      0.9915     0.9858
 9630.000      0.9981     0.9859
 9630.100      0.9996     0.9863
 9630.200      0.9974     0.9867
 9630.300      0.9883     0.9869
 9630.400      0.9642     0.9869
 9630.500      0.9086     0.9869
 9630.600      0.8381     0.9868
 9630.700      0.7954     0.9866
 9630.800      0.7977     0.9864
 9630.900      0.8361     0.9859
 9631.000      0.8529     0.9852
 9631.100      0.8373     0.9843
 9631.200      0.7939     0.9834
 9631.300      0.7799     0.9821
 9631.400      0.8144     0.9786
 9631.500      0.8715     0.9684
 9631.600      0.9192     0.9443
 9631.700      0.9339     0.9031
 9631.800      0.9409     0.8590
 9631.900      0.9472     0.8401
 9632.000      0.9611     0.8580
 9632.100      0.9732     0.8893
 9632.200      0.9783     0.9001
 9632.300      0.9753     0.8837
 9632.400      0.9594     0.8664
 9632.500      0.9309     0.8760
 9632.600      0.9173     0.9106
 9632.700      0.9238     0.9470
 9632.800      0.9423     0.9691
 9632.900      0.9586     0.9772
 9633.000      0.9707     0.9778
 9633.100      0.9822     0.9769
 9633.200      0.9929     0.9782
 9633.300      1.0026     0.9817
 9633.400      1.0037     0.9849
 9633.500      0.9991     0.9867
 9633.600      0.9947     0.9873
 9633.700      0.9941     0.9875
 9633.800      1.0010     0.9870
 9633.900      1.0083     0.9849
 9634.000      1.0152     0.9797
 9634.100      1.0151     0.9727
 9634.200      1.0099     0.9689
 9634.300      1.0014     0.9715
 9634.400      0.9910     0.9765
 9634.500      0.9825     0.9778
 9634.600      0.9823     0.9744
 9634.700      0.9860     0.9704
 9634.800      0.9897     0.9700
 9634.900      0.9800     0.9740
 9635.000      0.9704     0.9795
 9635.100      0.9609     0.9837
 9635.200      0.9578     0.9860
 9635.300      0.9546     0.9873
 9635.400      0.9445     0.9880
 9635.500      0.9302     0.9884
 9635.600      0.9149     0.9887
 9635.700      0.9094     0.9888
 9635.800      0.9015     0.9890
 9635.900      0.8896     0.9890
 9636.000      0.8773     0.9891
 9636.100      0.8686     0.9892
 9636.200      0.8834     0.9892
 9636.300      0.9051     0.9893
 9636.400      0.9283     0.9893
 9636.500      0.9429     0.9894
 9636.600      0.9547     0.9894
 9636.700      0.9649     0.9894
 9636.800      0.9733     0.9895
 9636.900      0.9779     0.9895
 9637.000      0.9722     0.9895
 9637.100      0.9643     0.9896
 9637.200      0.9559     0.9895
 9637.300      0.9511     0.9894
 9637.400      0.9534     0.9894
 9637.500      0.9633     0.9894
 9637.600      0.9714     0.9895
 9637.700      0.9734     0.9897
 9637.800      0.9517     0.9898
 9637.900      0.9224     0.9898
 9638.000      0.8873     0.9896
 9638.100      0.8446     0.9893
 9638.200      0.7830     0.9891
 9638.300      0.6940     0.9891
 9638.400      0.6243     0.9894
 9638.500      0.5888     0.9897
 9638.600      0.5878     0.9899
 9638.700      0.5815     0.9900
 9638.800      0.5645     0.9900
 9638.900      0.5449     0.9900
 9639.000      0.5329     0.9900
 9639.100      0.5647     0.9901
 9639.200      0.6036     0.9901
 9639.300      0.6437     0.9901
 9639.400      0.6641     0.9901
 9639.500      0.6685     0.9902
 9639.600      0.6524     0.9902
 9639.700      0.5707     0.9901
 9639.800      0.4473     0.9901
 9639.900      0.3079     0.9900
 9640.000      0.2080     0.9901
 9640.100      0.2013     0.9903
 9640.200      0.2713     0.9904
 9640.300      0.3888     0.9904
 9640.400      0.5286     0.9904
 9640.500      0.6668     0.9904
 9640.600      0.7975     0.9903
 9640.700      0.8702     0.9902
 9640.800      0.8855     0.9903
 9640.900      0.8731     0.9904
 9641.000      0.8617     0.9905
 9641.100      0.8627     0.9906
 9641.200      0.8999     0.9907
 9641.300      0.9378     0.9907
 9641.400      0.9758     0.9907
 9641.500      0.9912     0.9907
 9641.600      0.9972     0.9907
 9641.700      0.9993     0.9907
 9641.800      1.0008     0.9908
 9641.900      1.0017     0.9908
 9642.000      1.0019     0.9908
 9642.100      0.9992     0.9909
 9642.200      0.9928     0.9909
 9642.300      0.9850     0.9909
 9642.400      0.9662     0.9909
 9642.500      0.9106     0.9909
 9642.600      0.8091     0.9910
 9642.700      0.7017     0.9910
 9642.800      0.6487     0.9910
 9642.900      0.6336     0.9910
 9643.000      0.6319     0.9910
 9643.100      0.5770     0.9911
 9643.200      0.5281     0.9911
 9643.300      0.5510     0.9911
 9643.400      0.6533     0.9911
 9643.500      0.7756     0.9911
 9643.600      0.8602     0.9912
 9643.700      0.9127     0.9912
 9643.800      0.9444     0.9912
 9643.900      0.9696     0.9912
 9644.000      0.9885     0.9912
 9644.100      1.0003     0.9913
 9644.200      1.0022     0.9913
 9644.300      1.0011     0.9913
 9644.400      1.0034     0.9913
 9644.500      1.0058     0.9913
 9644.600      1.0079     0.9914
 9644.700      1.0081     0.9914
 9644.800      1.0067     0.9914
 9644.900      1.0044     0.9914
 9645.000      1.0040     0.9914
 9645.100      1.0052     0.9914
 9645.200      1.0051     0.9914
 9645.300      0.9993     0.9913
 9645.400      0.9735     0.9913
 9645.500      0.9129     0.9913
 9645.600      0.8450     0.9913
 9645.700      0.8062     0.9914
 9645.800      0.8227     0.9915
 9645.900      0.8739     0.9915
 9646.000      0.9275     0.9916
 9646.100      0.9725     0.9916
 9646.200      0.9874     0.9915
 9646.300      0.9915     0.9915
 9646.400      0.9941     0.9915
 9646.500      0.9979     0.9916
 9646.600      0.9996     0.9917
 9646.700      0.9959     0.9917
 9646.800      0.9882     0.9917
 9646.900      0.9786     0.9918
 9647.000      0.9678     0.9918
 9647.100      0.9474     0.9918
 9647.200      0.9052     0.9917
 9647.300      0.8253     0.9917
 9647.400      0.7148     0.9917
 9647.500      0.5900     0.9917
 9647.600      0.4776     0.9918
 9647.700      0.3937     0.9918
 9647.800      0.3518     0.9919
 9647.900      0.3175     0.9919
 9648.000      0.2879     0.9919
 9648.100      0.2623     0.9919
 9648.200      0.2721     0.9919
 9648.300      0.3736     0.9919
 9648.400      0.5347     0.9918
 9648.500      0.7010     0.9918
 9648.600      0.7937     0.9918
 9648.700      0.8066     0.9917
 9648.800      0.7427     0.9917
 9648.900      0.6134     0.9916
 9649.000      0.4923     0.9914
 9649.100      0.4521     0.9905
 9649.200      0.5462     0.9870
 9649.300      0.6826     0.9768
 9649.400      0.8177     0.9575
 9649.500      0.9215     0.9373
 9649.600      0.9645     0.9315
 9649.700      0.9800     0.9436
 9649.800      0.9881     0.9588
 9649.900      0.9934     0.9648
 9650.000      0.9957     0.9642
 9650.100      0.9963     0.9656
 9650.200      0.9962     0.9717
 9650.300      0.9955     0.9790
 9650.400      0.9939     0.9844
 9650.500      0.9869     0.9874
 9650.600      0.9713     0.9892
 9650.700      0.9472     0.9904
 9650.800      0.9298     0.9912
 9650.900      0.9179     0.9917
 9651.000      0.8889     0.9919
 9651.100      0.8413     0.9921
 9651.200      0.7822     0.9922
 9651.300      0.7664     0.9922
 9651.400      0.8050     0.9923
 9651.500      0.8804     0.9923
 9651.600      0.9444     0.9924
 9651.700      0.9759     0.9924
 9651.800      0.9689     0.9925
 9651.900      0.9425     0.9925
 9652.000      0.9085     0.9925
 9652.100      0.8925     0.9926
 9652.200      0.9041     0.9926
 9652.300      0.9390     0.9926
 9652.400      0.9691     0.9926
 9652.500      0.9827     0.9926
 9652.600      0.9715     0.9926
 9652.700      0.9569     0.9925
 9652.800      0.9424     0.9920
 9652.900      0.9457     0.9907
 9653.000      0.9601     0.9887
 9653.100      0.9741     0.9876
 9653.200      0.9794     0.9884
 9653.300      0.9717     0.9903
 9653.400      0.9640     0.9919
 9653.500      0.9592     0.9926
 9653.600      0.9673     0.9928
 9653.700      0.9753     0.9928
 9653.800      0.9829     0.9929
 9653.900      0.9855     0.9929
 9654.000      0.9885     0.9928
 9654.100      0.9928     0.9927
 9654.200      0.9800     0.9925
 9654.300      0.9397     0.9924
 9654.400      0.8732     0.9923
 9654.500      0.8222     0.9920
 9654.600      0.8130     0.9914
 9654.700      0.8561     0.9910
 9654.800      0.9014     0.9913
 9654.900      0.9324     0.9920
 9655.000      0.9431     0.9926
 9655.100      0.9222     0.9929
 9655.200      0.8543     0.9930
 9655.300      0.7707     0.9929
 9655.400      0.6829     0.9925
 9655.500      0.6769     0.9914
 9655.600      0.7419     0.9901
 9655.700      0.8434     0.9895
 9655.800      0.9215     0.9902
 9655.900      0.9595     0.9916
 9656.000      0.9608     0.9926
 9656.100      0.9621     0.9930
 9656.200      0.9640     0.9931
 9656.300      0.9776     0.9930
 9656.400      0.9935     0.9929
 9656.500      0.9993     0.9925
 9656.600      0.9929     0.9919
 9656.700      0.9756     0.9915
 9656.800      0.9535     0.9916
 9656.900      0.9195     0.9919
 9657.000      0.8662     0.9916
 9657.100      0.7946     0.9904
 9657.200      0.7233     0.9888
 9657.300      0.7122     0.9879
 9657.400      0.7702     0.9879
 9657.500      0.8600     0.9881
 9657.600      0.9323     0.9880
 9657.700      0.9784     0.9873
 9657.800      0.9969     0.9857
 9657.900      1.0055     0.9795
 9658.000      1.0074     0.9564
 9658.100      1.0031     0.9001
 9658.200      0.9893     0.8108
 9658.300      0.9662     0.7197
 9658.400      0.9355     0.6690
 9658.500      0.9060     0.6823
 9658.600      0.8863     0.7535
 9658.700      0.8703     0.8493
 9658.800      0.8601     0.9278
 9658.900      0.8833     0.9702
 9659.000      0.9191     0.9857
 9659.100      0.9594     0.9898
 9659.200      0.9842     0.9911
 9659.300      0.9928     0.9920
 9659.400      0.9899     0.9926
 9659.500      0.9736     0.9929
 9659.600      0.9378     0.9931
 9659.700      0.8566     0.9932
 9659.800      0.7734     0.9933
 9659.900      0.6941     0.9933
 9660.000      0.6854     0.9933
 9660.100      0.7493     0.9933
 9660.200      0.8524     0.9933
 9660.300      0.9354     0.9935
 9660.400      0.9753     0.9935
 9660.500      0.9823     0.9936
 9660.600      0.9801     0.9936
 9660.700      0.9752     0.9936
 9660.800      0.9778     0.9935
 9660.900      0.9842     0.9931
 9661.000      0.9881     0.9918
 9661.100      0.9854     0.9898
 9661.200      0.9769     0.9886
 9661.300      0.9677     0.9893
 9661.400      0.9562     0.9912
 9661.500      0.9404     0.9928
 9661.600      0.9303     0.9936
 9661.700      0.9238     0.9938
 9661.800      0.9167     0.9937
 9661.900      0.9052     0.9936
 9662.000      0.8763     0.9936
 9662.100      0.8107     0.9937
 9662.200      0.7383     0.9938
 9662.300      0.6808     0.9939
 9662.400      0.6855     0.9939
 9662.500      0.7444     0.9939
 9662.600      0.8168     0.9940
 9662.700      0.8800     0.9940
 9662.800      0.9111     0.9940
 9662.900      0.9257     0.9940
 9663.000      0.9248     0.9939
 9663.100      0.9068     0.9939
 9663.200      0.8385     0.9939
 9663.300      0.7368     0.9938
 9663.400      0.6332     0.9937
 9663.500      0.5600     0.9934
 9663.600      0.6052     0.9928
 9663.700      0.7112     0.9916
 9663.800      0.8264     0.9895
 9663.900      0.8937     0.9869
 9664.000      0.9154     0.9852
 9664.100      0.9017     0.9856
 9664.200      0.8673     0.9878
 9664.300      0.8345     0.9904
 9664.400      0.8131     0.9922
 9664.500      0.7778     0.9931
 9664.600      0.7049     0.9935
 9664.700      0.5471     0.9938
 9664.800      0.3944     0.9940
 9664.900      0.2795     0.9941
 9665.000      0.2997     0.9941
 9665.100      0.4258     0.9941
 9665.200      0.6038     0.9941
 9665.300      0.7514     0.9940
 9665.400      0.8314     0.9939
 9665.500      0.8446     0.9939
 9665.600      0.8244     0.9940
 9665.700      0.7915     0.9942
 9665.800      0.7687     0.9943
 9665.900      0.7729     0.9943
 9666.000      0.8267     0.9944
 9666.100      0.8801     0.9944
 9666.200      0.9309     0.9944
 9666.300      0.9442     0.9944
 9666.400      0.9320     0.9944
 9666.500      0.9086     0.9944
 9666.600      0.9006     0.9944
 9666.700      0.9036     0.9944
 9666.800      0.9087     0.9944
 9666.900      0.8900     0.9944
 9667.000      0.8102     0.9943
 9667.100      0.6821     0.9943
 9667.200      0.5630     0.9944
 9667.300      0.5436     0.9944
 9667.400      0.6277     0.9945
 9667.500      0.7445     0.9945
 9667.600      0.8422     0.9946
 9667.700      0.9105     0.9946
 9667.800      0.9483     0.9946
 9667.900      0.9739     0.9946
 9668.000      0.9926     0.9946
 9668.100      1.0060     0.9946
 9668.200      1.0112     0.9946
 9668.300      1.0097     0.9946
 9668.400      1.0037     0.9946
 9668.500      0.9977     0.9946
 9668.600      0.9921     0.9947
 9668.700      0.9860     0.9947
 9668.800      0.9777     0.9947
 9668.900      0.9610     0.9947
 9669.000      0.9356     0.9947
 9669.100      0.9065     0.9947
 9669.200      0.8890     0.9947
 9669.300      0.8727     0.9946
 9669.400      0.8517     0.9945
 9669.500      0.8115     0.9944
 9669.600      0.7636     0.9944
 9669.700      0.7317     0.9945
 9669.800      0.7246     0.9946
 9669.900      0.7523     0.9947
 9670.000      0.8172     0.9947
 9670.100      0.8854     0.9946
 9670.200      0.9450     0.9944
 9670.300      0.9817     0.9939
 9670.400      0.9935     0.9929
 9670.500      0.9912     0.9915
 9670.600      0.9748     0.9903
 9670.700      0.9515     0.9903
 9670.800      0.9336     0.9914
 9670.900      0.9300     0.9929
 9671.000      0.9497     0.9938
 9671.100      0.9708     0.9941
 9671.200      0.9922     0.9941
 9671.300      0.9990     0.9941
 9671.400      1.0032     0.9944
 9671.500      1.0063     0.9946
 9671.600      1.0070     0.9947
 9671.700      1.0034     0.9947
 9671.800      0.9938     0.9945
 9671.900      0.9803     0.9933
 9672.000      0.9628     0.9896
 9672.100      0.9397     0.9817
 9672.200      0.9042     0.9721
 9672.300      0.8427     0.9670
 9672.400      0.7447     0.9696
 9672.500      0.6383     0.9763
 9672.600      0.5969     0.9833
 9672.700      0.6300     0.9890
 9672.800      0.7030     0.9926
 9672.900      0.7164     0.9943
 9673.000      0.6484     0.9948
 9673.100      0.5157     0.9949
 9673.200      0.4302     0.9950
 9673.300      0.4446     0.9950
 9673.400      0.5925     0.9950
 9673.500      0.7372     0.9950
 9673.600      0.8595     0.9950
 9673.700      0.9299     0.9951
 9673.800      0.9639     0.9951
 9673.900      0.9802     0.9951
 9674.000      0.9856     0.9951
 9674.100      0.9885     0.9951
 9674.200      0.9927     0.9951
 9674.300      0.9966     0.9951
 9674.400      0.9995     0.9951
 9674.500      1.0033     0.9951
 9674.600      1.0072     0.9951
 9674.700      1.0085     0.9952
 9674.800      1.0062     0.9952
 9674.900      1.0022     0.9952
 9675.000      1.0035     0.9952
 9675.100      1.0034     0.9951
 9675.200      0.9974     0.9951
 9675.300      0.9932     0.9949
 9675.400      0.9921     0.9946
 9675.500      0.9939     0.9945
 9675.600      0.9926     0.9947
 9675.700      0.9876     0.9949
 9675.800      0.9902     0.9951
 9675.900      0.9943     0.9951
 9676.000      0.9984     0.9949
 9676.100      0.9977     0.9945
 9676.200      0.9940     0.9942
 9676.300      0.9921     0.9941
 9676.400      0.9931     0.9942
 9676.500      0.9963     0.9943
 9676.600      0.9995     0.9943
 9676.700      1.0026     0.9941
 9676.800      1.0045     0.9934
 9676.900      1.0045     0.9914
 9677.000      1.0029     0.9878
 9677.100      1.0004     0.9836
 9677.200      0.9989     0.9810
 9677.300      1.0008     0.9819
 9677.400      1.0052     0.9855
 9677.500      1.0096     0.9895
 9677.600      1.0092     0.9924
 9677.700      1.0051     0.9939
 9677.800      0.9995     0.9945
 9677.900      0.9986     0.9948
 9678.000      0.9985     0.9949
 9678.100      0.9985     0.9949
 9678.200      1.0002     0.9945
 9678.300      1.0027     0.9935
 9678.400      1.0014     0.9915
 9678.500      0.9981     0.9894
 9678.600      0.9932     0.9889
 9678.700      0.9867     0.9904
 9678.800      0.9806     0.9926
 9678.900      0.9791     0.9942
 9679.000      0.9838     0.9950
 9679.100      0.9906     0.9952
 9679.200      0.9876     0.9952
 9679.300      0.9854     0.9951
 9679.400      0.9861     0.9944
 9679.500      0.9892     0.9933
 9679.600      0.9925     0.9923
 9679.700      0.9943     0.9924
 9679.800      0.9962     0.9934
 9679.900      0.9983     0.9945
 9680.000      1.0008     0.9950
 9680.100      1.0021     0.9950
 9680.200      1.0008     0.9944
 9680.300      1.0009     0.9924
 9680.400      1.0016     0.9881
 9680.500      1.0014     0.9808
 9680.600      0.9995     0.9704
 9680.700      0.9966     0.9593
 9680.800      0.9952     0.9545
 9680.900      0.9932     0.9607
 9681.000      0.9895     0.9721
 9681.100      0.9866     0.9790
 9681.200      0.9852     0.9795
 9681.300      0.9850     0.9788
 9681.400      0.9869     0.9809
 9681.500      0.9902     0.9855
 9681.600      0.9895     0.9899
 9681.700      0.9852     0.9926
 9681.800      0.9789     0.9940
 9681.900      0.9750     0.9947
 9682.000      0.9727     0.9950
 9682.100      0.9649     0.9952
 9682.200      0.9538     0.9954
 9682.300      0.9390     0.9954
 9682.400      0.9177     0.9955
 9682.500      0.8826     0.9955
 9682.600      0.8141     0.9956
 9682.700      0.6861     0.9956
 9682.800      0.5304     0.9956
 9682.900      0.3880     0.9956
 9683.000      0.3076     0.9957
 9683.100      0.3661     0.9957
 9683.200      0.5151     0.9957
 9683.300      0.6736     0.9957
 9683.400      0.7679     0.9956
 9683.500      0.7988     0.9956
 9683.600      0.8031     0.9956
 9683.700      0.8161     0.9955
 9683.800      0.8444     0.9954
 9683.900      0.8869     0.9955
 9684.000      0.9121     0.9956
 9684.100      0.9056     0.9957
 9684.200      0.8636     0.9957
 9684.300      0.8289     0.9958
 9684.400      0.8212     0.9958
 9684.500      0.8588     0.9958
 9684.600      0.9021     0.9958
 9684.700      0.9388     0.9958
 9684.800      0.9583     0.9958
 9684.900      0.9609     0.9958
 9685.000      0.9534     0.9958
 9685.100      0.9490     0.9958
 9685.200      0.9525     0.9957
 9685.300      0.9603     0.9957
 9685.400      0.9684     0.9955
 9685.500      0.9749     0.9948
 9685.600      0.9803     0.9931
 9685.700      0.9852     0.9903
 9685.800      0.9959     0.9874
 9685.900      1.0030     0.9870
 9686.000      1.0008     0.9893
 9686.100      0.9964     0.9924
 9686.200      0.9926     0.9944
 9686.300      0.9942     0.9953
 9686.400      0.9927     0.9955
 9686.500      0.9838     0.9955
 9686.600      0.9690     0.9955
 9686.700      0.9554     0.9952
 9686.800      0.9519     0.9946
 9686.900      0.9612     0.9933
 9687.000      0.9741     0.9911
 9687.100      0.9866     0.9884
 9687.200      0.9985     0.9869
 9687.300      1.0089     0.9876
 9687.400      1.0126     0.9901
 9687.500      1.0100     0.9926
 9687.600      1.0036     0.9943
 9687.700      1.0021     0.9951
 9687.800      1.0037     0.9955
 9687.900      1.0028     0.9957
 9688.000      0.9952     0.9958
 9688.100      0.9813     0.9958
 9688.200      0.9692     0.9959
 9688.300      0.9613     0.9959
 9688.400      0.9606     0.9957
 9688.500      0.9645     0.9955
 9688.600      0.9697     0.9952
 9688.700      0.9601     0.9951
 9688.800      0.9316     0.9953
 9688.900      0.8899     0.9955
 9689.000      0.8656     0.9954
 9689.100      0.8740     0.9944
 9689.200      0.9203     0.9923
 9689.300      0.9624     0.9899
 9689.400      0.9920     0.9891
 9689.500      1.0047     0.9906
 9689.600      1.0076     0.9931
 9689.700      1.0063     0.9949
 9689.800      1.0059     0.9956
 9689.900      1.0057     0.9957
 9690.000      1.0039     0.9957
 9690.100      1.0027     0.9957
 9690.200      1.0024     0.9955
 9690.300      1.0004     0.9954
 9690.400      0.9947     0.9952
 9690.500      0.9844     0.9948
 9690.600      0.9755     0.9942
 9690.700      0.9705     0.9928
 9690.800      0.9734     0.9897
 9690.900      0.9725     0.9833
 9691.000      0.9607     0.9732
 9691.100      0.9410     0.9625
 9691.200      0.9222     0.9576
 9691.300      0.9221     0.9618
 9691.400      0.9419     0.9708
 9691.500      0.9691     0.9782
 9691.600      0.9847     0.9820
 9691.700      0.9888     0.9851
 9691.800      0.9861     0.9890
 9691.900      0.9843     0.9925
 9692.000      0.9847     0.9945
 9692.100      0.9885     0.9953
 9692.200      0.9922     0.9956
 9692.300      0.9952     0.9957
 9692.400      0.9947     0.9958
 9692.500      0.9879     0.9959
 9692.600      0.9747     0.9959
 9692.700      0.9617     0.9960
 9692.800      0.9502     0.9960
 9692.900      0.9513     0.9960
 9693.000      0.9610     0.9960
 9693.100      0.9741     0.9960
 9693.200      0.9873     0.9957
 9693.300      0.9994     0.9946
 9693.400      1.0054     0.9909
 9693.500      1.0045     0.9833
 9693.600      0.9984     0.9744
 9693.700      0.9884     0.9709
 9693.800      0.9803     0.9762
 9693.900      0.9753     0.9853
 9694.000      0.9693     0.9918
 9694.100      0.9579     0.9947
 9694.200      0.9193     0.9957
 9694.300      0.8558     0.9959
 9694.400      0.7836     0.9958
 9694.500      0.7552     0.9955
 9694.600      0.7781     0.9951
 9694.700      0.8349     0.9948
 9694.800      0.8864     0.9947
 9694.900      0.9268     0.9948
 9695.000      0.9515     0.9950
 9695.100      0.9675     0.9954
 9695.200      0.9793     0.9958
 9695.300      0.9898     0.9961
 9695.400      0.9968     0.9963
 9695.500      0.9980     0.9964
 9695.600      0.9955     0.9964
 9695.700      0.9926     0.9964
 9695.800      0.9972     0.9964
 9695.900      1.0012     0.9964
 9696.000      1.0029     0.9964
 9696.100      0.9996     0.9964
 9696.200      0.9965     0.9964
 9696.300      0.9972     0.9964
 9696.400      0.9962     0.9964
 9696.500      0.9922     0.9962
 9696.600      0.9857     0.9958
 9696.700      0.9851     0.9952
 9696.800      0.9940     0.9948
 9696.900      0.9906     0.9949
 9697.000      0.9703     0.9953
 9697.100      0.9363     0.9947
 9697.200      0.9072     0.9925
 9697.300      0.8913     0.9892
 9697.400      0.8921     0.9873
 9697.500      0.9116     0.9887
 9697.600      0.9426     0.9920
 9697.700      0.9699     0.9947
 9697.800      0.9888     0.9960
 9697.900      0.9951     0.9964
 9698.000      0.9951     0.9965
 9698.100      0.9932     0.9965
 9698.200      0.9920     0.9965
 9698.300      0.9932     0.9965
 9698.400      0.9985     0.9965
 9698.500      1.0036     0.9965
 9698.600      1.0078     0.9964
 9698.700      1.0047     0.9963
 9698.800      1.0036     0.9961
 9698.900      1.0048     0.9960
 9699.000      1.0058     0.9961
 9699.100      1.0053     0.9963
 9699.200      1.0012     0.9964
 9699.300      1.0015     0.9965
 9699.400      1.0048     0.9966
 9699.500      1.0073     0.9966
 9699.600      1.0065     0.9965
 9699.700      1.0017     0.9965
 9699.800      1.0014     0.9965
 9699.900      1.0022     0.9965
 9700.000      1.0018     0.9966
 9700.100      0.9974     0.9966
 9700.200      0.9906     0.9966
 9700.300      0.9916     0.9967
 9700.400      0.9920     0.9967
 9700.500      0.9846     0.9967
 9700.600      0.9553     0.9967
 9700.700      0.9092     0.9967
 9700.800      0.8550     0.9967
 9700.900      0.8211     0.9967
 9701.000      0.8324     0.9967
 9701.100      0.8820     0.9967
 9701.200      0.9316     0.9967
 9701.300      0.9657     0.9966
 9701.400      0.9804     0.9966
 9701.500      0.9888     0.9966
 9701.600      0.9970     0.9965
 9701.700      1.0028     0.9963
 9701.800      1.0031     0.9961
 9701.900      0.9966     0.9959
 9702.000      0.9869     0.9959
 9702.100      0.9759     0.9960
 9702.200      0.9696     0.9960
 9702.300      0.9667     0.9957
 9702.400      0.9640     0.9953
 9702.500      0.9485     0.9954
 9702.600      0.9124     0.9959
 9702.700      0.8790     0.9963
 9702.800      0.8603     0.9966
 9702.900      0.8878     0.9966
 9703.000      0.9213     0.9966
 9703.100      0.9557     0.9965
 9703.200      0.9659     0.9965
 9703.300      0.9618     0.9965
 9703.400      0.9482     0.9967
 9703.500      0.9274     0.9967
 9703.600      0.8940     0.9968
 9703.700      0.8272     0.9968
 9703.800      0.7074     0.9968
 9703.900      0.5603     0.9967
 9704.000      0.4503     0.9967
 9704.100      0.4285     0.9968
 9704.200      0.5318     0.9968
 9704.300      0.6757     0.9968
 9704.400      0.8229     0.9968
 9704.500      0.9000     0.9968
 9704.600      0.9365     0.9968
 9704.700      0.9540     0.9968
 9704.800      0.9675     0.9968
 9704.900      0.9776     0.9968
 9705.000      0.9838     0.9968
 9705.100      0.9849     0.9969
 9705.200      0.9846     0.9968
 9705.300      0.9859     0.9968
 9705.400      0.9889     0.9968
 9705.500      0.9929     0.9967
 9705.600      0.9966     0.9965
 9705.700      0.9991     0.9965
 9705.800      0.9996     0.9966
 9705.900      1.0005     0.9967
 9706.000      1.0018     0.9968
 9706.100      1.0027     0.9968
 9706.200      1.0018     0.9968
 9706.300      0.9983     0.9968
 9706.400      0.9963     0.9968
 9706.500      0.9969     0.9968
 9706.600      1.0006     0.9968
 9706.700      1.0028     0.9969
 9706.800      1.0022     0.9969
 9706.900      1.0007     0.9969
 9707.000      0.9978     0.9969
 9707.100      0.9938     0.9969
 9707.200      0.9945     0.9969
 9707.300      0.9976     0.9969
 9707.400      1.0004     0.9969
 9707.500      1.0007     0.9969
 9707.600      0.9951     0.9969
 9707.700      0.9848     0.9969
 9707.800      0.9701     0.9969
 9707.900      0.9520     0.9969
 9708.000      0.9425     0.9969
 9708.100      0.9470     0.9968
 9708.200      0.9635     0.9968
 9708.300      0.9796     0.9969
 9708.400      0.9930     0.9969
 9708.500      1.0037     0.9970
 9708.600      1.0098     0.9970
 9708.700      1.0093     0.9970
 9708.800      1.0061     0.9969
 9708.900      1.0023     0.9968
 9709.000      1.0052     0.9965
 9709.100      1.0082     0.9964
 9709.200      1.0096     0.9965
 9709.300      1.0077     0.9967
 9709.400      1.0054     0.9969
 9709.500      1.0063     0.9970
 9709.600      1.0055     0.9970
 9709.700      1.0030     0.9970
 9709.800      1.0048     0.9970
 9709.900      1.0069     0.9969
 9710.000      1.0070     0.9968
 9710.100      1.0036     0.9968
 9710.200      0.9991     0.9969
 9710.300      0.9964     0.9970
 9710.400      0.9958     0.9970
 9710.500      0.9963     0.9970
 9710.600      0.9921     0.9970
 9710.700      0.9869     0.9970
 9710.800      0.9820     0.9971
 9710.900      0.9776     0.9971
 9711.000      0.9736     0.9971
 9711.100      0.9605     0.9971
 9711.200      0.9276     0.9971
 9711.300      0.8662     0.9970
 9711.400      0.7864     0.9969
 9711.500      0.7124     0.9968
 9711.600      0.7109     0.9967
 9711.700      0.7723     0.9968
 9711.800      0.8553     0.9969
 9711.900      0.9195     0.9970
 9712.000      0.9580     0.9971
 9712.100      0.9738     0.9971
 9712.200      0.9839     0.9971
 9712.300      0.9907     0.9971
 9712.400      0.9951     0.9971
 9712.500      0.9932     0.9971
 9712.600      0.9880     0.9971
 9712.700      0.9899     0.9971
 9712.800      0.9929     0.9971
 9712.900      0.9955     0.9971
 9713.000      0.9968     0.9971
 9713.100      0.9964     0.9971
 9713.200      0.9945     0.9971
 9713.300      0.9910     0.9971
 9713.400      0.9868     0.9971
 9713.500      0.9835     0.9971
 9713.600      0.9815     0.9971
 9713.700      0.9812     0.9971
 9713.800      0.9829     0.9971
 9713.900      0.9851     0.9971
 9714.000      0.9866     0.9971
 9714.100      0.9878     0.9971
 9714.200      0.9889     0.9971
 9714.300      0.9882     0.9971
 9714.400      0.9853     0.9972
 9714.500      0.9809     0.9972
 9714.600      0.9795     0.9972
 9714.700      0.9804     0.9972
 9714.800      0.9810     0.9972
 9714.900      0.9803     0.9972
 9715.000      0.9766     0.9972
 9715.100      0.9687     0.9972
 9715.200      0.9607     0.9971
 9715.300      0.9634     0.9971
 9715.400      0.9719     0.9971
 9715.500      0.9823     0.9971
 9715.600      0.9857     0.9971
 9715.700      0.9889     0.9972
 9715.800      0.9944     0.9972
 9715.900      0.9952     0.9972
 9716.000      0.9935     0.9972
 9716.100      0.9923     0.9972
 9716.200      0.9928     0.9972
 9716.300      0.9948     0.9972
 9716.400      0.9933     0.9971
 9716.500      0.9915     0.9971
 9716.600      0.9911     0.9972
 9716.700      0.9891     0.9972
 9716.800      0.9859     0.9972
 9716.900      0.9851     0.9972
 9717.000      0.9837     0.9972
 9717.100      0.9792     0.9972
 9717.200      0.9683     0.9971
 9717.300      0.9499     0.9970
 9717.400      0.9227     0.9969
 9717.500      0.8777     0.9969
 9717.600      0.8001     0.9970
 9717.700      0.6548     0.9971
 9717.800      0.5104     0.9971
 9717.900      0.4014     0.9971
 9718.000      0.4108     0.9971
 9718.100      0.5165     0.9971
 9718.200      0.6689     0.9972
 9718.300      0.7981     0.9972
 9718.400      0.8781     0.9972
 9718.500      0.9274     0.9972
 9718.600      0.9570     0.9973
 9718.700      0.9739     0.9973
 9718.800      0.9810     0.9972
 9718.900      0.9826     0.9972
 9719.000      0.9805     0.9972
 9719.100      0.9787     0.9972
 9719.200      0.9780     0.9972
 9719.300      0.9830     0.9973
 9719.400      0.9892     0.9973
 9719.500      0.9953     0.9973
 9719.600      0.9986     0.9973
 9719.700      0.9997     0.9973
 9719.800      1.0007     0.9973
 9719.900      0.9991     0.9973
 9720.000      0.9935     0.9973
 9720.100      0.9894     0.9973
 9720.200      0.9888     0.9973
 9720.300      0.9926     0.9973
 9720.400      0.9962     0.9973
 9720.500      0.9992     0.9973
 9720.600      1.0019     0.9973
 9720.700      1.0037     0.9973
 9720.800      1.0044     0.9973
 9720.900      1.0066     0.9973
 9721.000      1.0091     0.9973
 9721.100      1.0084     0.9973
 9721.200      1.0073     0.9973
 9721.300      1.0062     0.9972
 9721.400      1.0080     0.9969
 9721.500      1.0097     0.9966
 9721.600      1.0081     0.9964
 9721.700      1.0033     0.9966
 9721.800      0.9977     0.9969
 9721.900      0.9950     0.9972
 9722.000      0.9940     0.9973
 9722.100      0.9935     0.9973
 9722.200      0.9883     0.9973
 9722.300      0.9824     0.9972
 9722.400      0.9800     0.9972
 9722.500      0.9838     0.9972
 9722.600      0.9913     0.9972
 9722.700      0.9998     0.9971
 9722.800      1.0073     0.9970
 9722.900      1.0099     0.9969
 9723.000      1.0037     0.9967
 9723.100      0.9959     0.9963
 9723.200      0.9892     0.9956
 9723.300      0.9803     0.9939
 9723.400      0.9697     0.9905
 9723.500      0.9678     0.9855
 9723.600      0.9763     0.9809
 9723.700      0.9915     0.9799
 9723.800      0.9993     0.9832
 9723.900      1.0025     0.9884
 9724.000      1.0049     0.9927
 9724.100      1.0071     0.9951
 9724.200      1.0094     0.9962
 9724.300      1.0082     0.9967
 9724.400      1.0065     0.9969
 9724.500      1.0048     0.9970
 9724.600      1.0024     0.9971
 9724.700      0.9986     0.9972
 9724.800      0.9935     0.9972
 9724.900      0.9900     0.9973
 9725.000      0.9888     0.9973
 9725.100      0.9848     0.9973
 9725.200      0.9772     0.9973
 9725.300      0.9639     0.9973
 9725.400      0.9329     0.9973
 9725.500      0.8686     0.9974
 9725.600      0.7480     0.9974
 9725.700      0.6372     0.9974
 9725.800      0.5791     0.9974
 9725.900      0.6277     0.9974
 9726.000      0.7171     0.9974
 9726.100      0.8157     0.9974
 9726.200      0.8942     0.9974
 9726.300      0.9369     0.9974
 9726.400      0.9566     0.9974
 9726.500      0.9653     0.9974
 9726.600      0.9671     0.9974
 9726.700      0.9622     0.9974
 9726.800      0.9434     0.9974
 9726.900      0.8854     0.9974
 9727.000      0.7984     0.9974
 9727.100      0.7011     0.9975
 9727.200      0.6526     0.9975
 9727.300      0.6783     0.9975
 9727.400      0.7664     0.9975
 9727.500      0.8524     0.9975
 9727.600      0.9294     0.9974
 9727.700      0.9621     0.9973
 9727.800      0.9789     0.9970
 9727.900      0.9885     0.9963
 9728.000      0.9950     0.9953
 9728.100      0.9977     0.9946
 9728.200      0.9969     0.9947
 9728.300      0.9977     0.9956
 9728.400      0.9998     0.9966
 9728.500      1.0004     0.9971
 9728.600      0.9986     0.9974
 9728.700      0.9934     0.9975
 9728.800      0.9867     0.9975
 9728.900      0.9776     0.9975
 9729.000      0.9648     0.9975
 9729.100      0.9503     0.9975
 9729.200      0.9356     0.9975
 9729.300      0.9282     0.9975
 9729.400      0.9341     0.9975
 9729.500      0.9522     0.9975
 9729.600      0.9714     0.9975
 9729.700      0.9898     0.9975
 9729.800      0.9959     0.9975
 9729.900      0.9946     0.9975
 9730.000      0.9862     0.9975
 9730.100      0.9677     0.9974
 9730.200      0.9484     0.9973
 9730.300      0.9302     0.9972
 9730.400      0.9186     0.9972
 9730.500      0.9180     0.9973
 9730.600      0.9288     0.9974
 9730.700      0.9471     0.9975
 9730.800      0.9681     0.9975
 9730.900      0.9778     0.9975
 9731.000      0.9768     0.9975
 9731.100      0.9698     0.9975
 9731.200      0.9619     0.9975
 9731.300      0.9539     0.9975
 9731.400      0.9525     0.9975
 9731.500      0.9607     0.9975
 9731.600      0.9755     0.9975
 9731.700      0.9860     0.9975
 9731.800      0.9907     0.9975
 9731.900      0.9911     0.9975
 9732.000      0.9938     0.9975
 9732.100      0.9984     0.9975
 9732.200      1.0023     0.9975
 9732.300      1.0040     0.9975
 9732.400      1.0012     0.9976
 9732.500      0.9930     0.9976
 9732.600      0.9838     0.9976
 9732.700      0.9747     0.9976
 9732.800      0.9633     0.9976
 9732.900      0.9411     0.9976
 9733.000      0.8818     0.9976
 9733.100      0.8146     0.9976
 9733.200      0.7462     0.9976
 9733.300      0.7263     0.9976
 9733.400      0.7668     0.9976
 9733.500      0.8436     0.9976
 9733.600      0.9113     0.9976
 9733.700      0.9515     0.9976
 9733.800      0.9632     0.9976
 9733.900      0.9674     0.9976
 9734.000      0.9700     0.9976
 9734.100      0.9768     0.9976
 9734.200      0.9863     0.9975
 9734.300      0.9948     0.9974
 9734.400      1.0000     0.9972
 9734.500      1.0017     0.9970
 9734.600      1.0038     0.9967
 9734.700      1.0068     0.9965
 9734.800      1.0121     0.9965
 9734.900      1.0155     0.9967
 9735.000      1.0149     0.9971
 9735.100      1.0092     0.9973
 9735.200      1.0053     0.9975
 9735.300      1.0057     0.9975
 9735.400      1.0061     0.9975
 9735.500      1.0060     0.9975
 9735.600      1.0002     0.9975
 9735.700      0.9957     0.9974
 9735.800      0.9944     0.9974
 9735.900      0.9976     0.9973
 9736.000      0.9993     0.9972
 9736.100      0.9961     0.9969
 9736.200      0.9940     0.9964
 9736.300      0.9944     0.9953
 9736.400      0.9983     0.9932
 9736.500      0.9992     0.9907
 9736.600      0.9946     0.9887
 9736.700      0.9885     0.9883
 9736.800      0.9791     0.9887
 9736.900      0.9606     0.9887
 9737.000      0.9279     0.9884
 9737.100      0.8902     0.9887
 9737.200      0.8549     0.9893
 9737.300      0.8057     0.9888
 9737.400      0.7207     0.9873
 9737.500      0.6166     0.9865
 9737.600      0.5236     0.9874
 9737.700      0.5401     0.9893
 9737.800      0.6380     0.9919
 9737.900      0.7615     0.9945
 9738.000      0.8593     0.9963
 9738.100      0.9211     0.9969
 9738.200      0.9449     0.9959
 9738.300      0.9485     0.9922
 9738.400      0.9442     0.9847
 9738.500      0.9364     0.9769
 9738.600      0.9141     0.9757
 9738.700      0.8610     0.9823
 9738.800      0.7563     0.9905
 9738.900      0.6521     0.9954
 9739.000      0.5847     0.9971
 9739.100      0.5803     0.9974
 9739.200      0.5957     0.9974
 9739.300      0.5979     0.9968
 9739.400      0.6062     0.9951
 9739.500      0.6320     0.9918
 9739.600      0.6759     0.9873
 9739.700      0.7174     0.9829
 9739.800      0.7421     0.9795
 9739.900      0.7784     0.9792
 9740.000      0.8262     0.9834
 9740.100      0.8774     0.9898
 9740.200      0.9126     0.9946
 9740.300      0.9069     0.9968
 9740.400      0.8804     0.9974
 9740.500      0.8581     0.9976
 9740.600      0.8773     0.9976
 9740.700      0.9075     0.9977
 9740.800      0.9398     0.9977
 9740.900      0.9392     0.9977
 9741.000      0.9350     0.9976
 9741.100      0.9303     0.9974
 9741.200      0.9380     0.9970
 9741.300      0.9505     0.9967
 9741.400      0.9616     0.9967
 9741.500      0.9677     0.9969
 9741.600      0.9683     0.9966
 9741.700      0.9669     0.9950
 9741.800      0.9674     0.9917
 9741.900      0.9754     0.9883
 9742.000      0.9868     0.9877
 9742.100      0.9984     0.9905
 9742.200      0.9987     0.9942
 9742.300      0.9956     0.9965
 9742.400      0.9914     0.9974
 9742.500      0.9891     0.9976
 9742.600      0.9896     0.9975
 9742.700      0.9928     0.9974
 9742.800      0.9954     0.9972
 9742.900      0.9960     0.9970
 9743.000      0.9888     0.9969
 9743.100      0.9827     0.9968
 9743.200      0.9807     0.9967
 9743.300      0.9829     0.9966
 9743.400      0.9875     0.9966
 9743.500      0.9934     0.9967
 9743.600      0.9971     0.9969
 9743.700      0.9976     0.9972
 9743.800      0.9968     0.9974
 9743.900      0.9962     0.9976
 9744.000      0.9960     0.9976
 9744.100      0.9843     0.9976
 9744.200      0.9682     0.9976
 9744.300      0.9576     0.9976
 9744.400      0.9584     0.9976
 9744.500      0.9677     0.9976
 9744.600      0.9781     0.9977
 9744.700      0.9881     0.9977
 9744.800      0.9936     0.9977
 9744.900      0.9900     0.9977
 9745.000      0.9834     0.9977
 9745.100      0.9793     0.9977
 9745.200      0.9742     0.9977
 9745.300      0.9655     0.9977
 9745.400      0.9527     0.9977
 9745.500      0.9337     0.9977
 9745.600      0.9025     0.9977
 9745.700      0.8421     0.9977
 9745.800      0.7372     0.9977
 9745.900      0.5704     0.9977
 9746.000      0.4141     0.9976
 9746.100      0.3170     0.9974
 9746.200      0.3479     0.9972
 9746.300      0.4673     0.9968
 9746.400      0.6281     0.9961
 9746.500      0.7689     0.9948
 9746.600      0.8653     0.9933
 9746.700      0.9201     0.9925
 9746.800      0.9481     0.9928
 9746.900      0.9627     0.9941
 9747.000      0.9748     0.9955
 9747.100      0.9839     0.9964
 9747.200      0.9874     0.9967
 9747.300      0.9833     0.9969
 9747.400      0.9736     0.9971
 9747.500      0.9608     0.9973
 9747.600      0.9491     0.9969
 9747.700      0.9454     0.9956
 9747.800      0.9551     0.9937
 9747.900      0.9695     0.9926
 9748.000      0.9841     0.9935
 9748.100      0.9963     0.9954
 9748.200      1.0031     0.9970
 9748.300      1.0077     0.9976
 9748.400      1.0105     0.9978
 9748.500      1.0118     0.9978
 9748.600      1.0106     0.9978
 9748.700      1.0087     0.9978
 9748.800      1.0104     0.9978
 9748.900      1.0093     0.9978
 9749.000      1.0035     0.9978
 9749.100      0.9987     0.9978
 9749.200      0.9958     0.9978
 9749.300      0.9958     0.9978
 9749.400      1.0008     0.9978
 9749.500      1.0078     0.9978
 9749.600      1.0090     0.9978
 9749.700      1.0068     0.9978
 9749.800      1.0031     0.9978
 9749.900      1.0046     0.9979
 9750.000      1.0079     0.9979
 9750.100      1.0046     0.9979
 9750.200      0.9918     0.9979
 9750.300      0.9741     0.9978
 9750.400      0.9658     0.9977
 9750.500      0.9656     0.9973
 9750.600      0.9713     0.9967
 9750.700      0.9833     0.9961
 9750.800      0.9965     0.9961
 9750.900      0.9996     0.9967
 9751.000      0.9950     0.9973
 9751.100      0.9843     0.9977
 9751.200      0.9696     0.9978
 9751.300      0.9506     0.9979
 9751.400      0.9256     0.9979
 9751.500      0.8847     0.9979
 9751.600      0.8110     0.9979
 9751.700      0.6609     0.9979
 9751.800      0.5136     0.9979
 9751.900      0.3898     0.9979
 9752.000      0.3784     0.9979
 9752.100      0.4717     0.9979
 9752.200      0.6249     0.9979
 9752.300      0.7657     0.9979
 9752.400      0.8727     0.9979
 9752.500      0.9326     0.9979
 9752.600      0.9629     0.9979
 9752.700      0.9777     0.9979
 9752.800      0.9869     0.9979
 9752.900      0.9940     0.9979
 9753.000      1.0000     0.9979
 9753.100      1.0053     0.9979
 9753.200      1.0100     0.9979
 9753.300      1.0094     0.9979
 9753.400      1.0081     0.9979
 9753.500      1.0072     0.9979
 9753.600      1.0096     0.9979
 9753.700      1.0136     0.9979
 9753.800      1.0165     0.9979
 9753.900      1.0186     0.9979
 9754.000      1.0195     0.9979
 9754.100      1.0186     0.9978
 9754.200      1.0160     0.9978
 9754.300      1.0122     0.9978
 9754.400      1.0131     0.9978
 9754.500      1.0171     0.9979
 9754.600      1.0203     0.9979
 9754.700      1.0208     0.9979
 9754.800      1.0184     0.9979
 9754.900      1.0167     0.9979
 9755.000      1.0149     0.9979
 9755.100      1.0100     0.9979
 9755.200      0.9992     0.9979
 9755.300      0.9854     0.9979
 9755.400      0.9806     0.9979
 9755.500      0.9802     0.9978
 9755.600      0.9815     0.9977
 9755.700      0.9816     0.9976
 9755.800      0.9791     0.9974
 9755.900      0.9726     0.9975
 9756.000      0.9516     0.9977
 9756.100      0.8958     0.9978
 9756.200      0.7753     0.9979
 9756.300      0.6494     0.9979
 9756.400      0.5381     0.9979
 9756.500      0.5224     0.9979
 9756.600      0.6048     0.9979
 9756.700      0.7388     0.9979
 9756.800      0.8577     0.9979
 9756.900      0.9331     0.9979
 9757.000      0.9701     0.9979
 9757.100      0.9888     0.9979
 9757.200      0.9991     0.9979
 9757.300      1.0044     0.9979
 9757.400      1.0068     0.9979
 9757.500      1.0077     0.9978
 9757.600      1.0026     0.9976
 9757.700      0.9877     0.9971
 9757.800      0.9667     0.9965
 9757.900      0.9464     0.9961
 9758.000      0.9413     0.9964
 9758.100      0.9515     0.9971
 9758.200      0.9675     0.9976
 9758.300      0.9626     0.9979
 9758.400      0.9415     0.9979
 9758.500      0.9123     0.9979
 9758.600      0.9000     0.9979
 9758.700      0.9094     0.9980
 9758.800      0.9332     0.9980
 9758.900      0.9557     0.9980
 9759.000      0.9736     0.9980
 9759.100      0.9832     0.9980
 9759.200      0.9818     0.9980
 9759.300      0.9712     0.9980
 9759.400      0.9589     0.9980
 9759.500      0.9467     0.9980
 9759.600      0.9385     0.9979
 9759.700      0.9283     0.9979
 9759.800      0.9082     0.9978
 9759.900      0.8614     0.9978
 9760.000      0.7687     0.9978
 9760.100      0.6288     0.9979
 9760.200      0.4919     0.9979
 9760.300      0.3680     0.9979
 9760.400      0.3846     0.9979
 9760.500      0.4922     0.9979
 9760.600      0.6400     0.9979
 9760.700      0.7655     0.9979
 9760.800      0.8498     0.9980
 9760.900      0.8817     0.9980
 9761.000      0.8822     0.9980
 9761.100      0.8745     0.9980
 9761.200      0.8768     0.9980
 9761.300      0.8939     0.9980
 9761.400      0.9223     0.9980
 9761.500      0.9481     0.9980
 9761.600      0.9654     0.9980
 9761.700      0.9623     0.9980
 9761.800      0.9594     0.9980
 9761.900      0.9571     0.9980
 9762.000      0.9641     0.9980
 9762.100      0.9709     0.9980
 9762.200      0.9744     0.9980
 9762.300      0.9789     0.9980
 9762.400      0.9838     0.9980
 9762.500      0.9858     0.9980
 9762.600      0.9835     0.9980
 9762.700      0.9787     0.9979
 9762.800      0.9820     0.9979
 9762.900      0.9864     0.9978
 9763.000      0.9865     0.9977
 9763.100      0.9842     0.9971
 9763.200      0.9813     0.9956
 9763.300      0.9794     0.9932
 9763.400      0.9797     0.9916
 9763.500      0.9824     0.9922
 9763.600      0.9800     0.9944
 9763.700      0.9733     0.9959
 9763.800      0.9644     0.9963
 9763.900      0.9544     0.9963
 9764.000      0.9425     0.9966
 9764.100      0.9195     0.9972
 9764.200      0.8846     0.9976
 9764.300      0.8422     0.9977
 9764.400      0.8128     0.9977
 9764.500      0.8115     0.9978
 9764.600      0.8499     0.9979
 9764.700      0.8860     0.9980
 9764.800      0.9126     0.9980
 9764.900      0.9204     0.9980
 9765.000      0.9033     0.9980
 9765.100      0.8534     0.9980
 9765.200      0.7513     0.9980
 9765.300      0.6341     0.9980
 9765.400      0.5316     0.9980
 9765.500      0.4775     0.9979
 9765.600      0.5026     0.9979
 9765.700      0.5826     0.9979
 9765.800      0.6649     0.9978
 9765.900      0.7308     0.9979
 9766.000      0.7902     0.9979
 9766.100      0.8444     0.9979
 9766.200      0.8943     0.9980
 9766.300      0.9324     0.9980
 9766.400      0.9514     0.9980
 9766.500      0.9548     0.9980
 9766.600      0.9458     0.9980
 9766.700      0.9280     0.9980
 9766.800      0.9141     0.9980
 9766.900      0.9103     0.9980
 9767.000      0.9197     0.9978
 9767.100      0.9342     0.9975
 9767.200      0.9505     0.9972
 9767.300      0.9631     0.9972
 9767.400      0.9679     0.9974
 9767.500      0.9621     0.9977
 9767.600      0.9548     0.9979
 9767.700      0.9458     0.9980
 9767.800      0.9055     0.9980
 9767.900      0.8348     0.9980
 9768.000      0.7460     0.9978
 9768.100      0.6938     0.9974
 9768.200      0.7061     0.9966
 9768.300      0.7863     0.9960
 9768.400      0.8625     0.9960
 9768.500      0.9222     0.9967
 9768.600      0.9507     0.9975
 9768.700      0.9661     0.9979
 9768.800      0.9767     0.9980
 9768.900      0.9844     0.9980
 9769.000      0.9894     0.9980
 9769.100      0.9886     0.9980
 9769.200      0.9889     0.9980
 9769.300      0.9909     0.9980
 9769.400      0.9928     0.9980
 9769.500      0.9942     0.9980
 9769.600      0.9944     0.9980
 9769.700      0.9942     0.9980
 9769.800      0.9939     0.9980
 9769.900      0.9967     0.9980
 9770.000      0.9994     0.9980
 9770.100      0.9997     0.9980
 9770.200      0.9958     0.9979
 9770.300      0.9910     0.9979
 9770.400      0.9895     0.9980
 9770.500      0.9916     0.9980
 9770.600      0.9952     0.9980
 9770.700      0.9948     0.9980
 9770.800      0.9885     0.9980
 9770.900      0.9740     0.9980
 9771.000      0.9438     0.9980
 9771.100      0.9087     0.9980
 9771.200      0.8777     0.9980
 9771.300      0.8665     0.9980
 9771.400      0.8885     0.9980
 9771.500      0.9289     0.9980
 9771.600      0.9686     0.9980
 9771.700      0.9926     0.9980
 9771.800      1.0040     0.9980
 9771.900      1.0086     0.9980
 9772.000      1.0105     0.9980
 9772.100      1.0101     0.9980
 9772.200      1.0087     0.9980
 9772.300      1.0079     0.9980
 9772.400      1.0091     0.9981
 9772.500      1.0142     0.9981
 9772.600      1.0159     0.9981
 9772.700      1.0148     0.9981
 9772.800      1.0137     0.9981
 9772.900      1.0131     0.9980
 9773.000      1.0137     0.9980
 9773.100      1.0122     0.9980
 9773.200      1.0104     0.9980
 9773.300      1.0137     0.9980
 9773.400      1.0161     0.9980
 9773.500      1.0164     0.9980
 9773.600      1.0155     0.9980
 9773.700      1.0134     0.9980
 9773.800      1.0106     0.9980
 9773.900      1.0086     0.9981
 9774.000      1.0083     0.9981
 9774.100      1.0106     0.9981
 9774.200      1.0120     0.9981
 9774.300      1.0123     0.9981
 9774.400      1.0142     0.9981
 9774.500      1.0159     0.9981
 9774.600      1.0143     0.9981
 9774.700      1.0081     0.9981
 9774.800      1.0004     0.9981
 9774.900      1.0033     0.9981
 9775.000      1.0061     0.9981
 9775.100      1.0090     0.9981
 9775.200      1.0122     0.9981
 9775.300      1.0150     0.9981
 9775.400      1.0134     0.9981
 9775.500      1.0100     0.9981
 9775.600      1.0062     0.9981
 9775.700      1.0044     0.9981
 9775.800      1.0020     0.9981
 9775.900      0.9958     0.9981
 9776.000      0.9872     0.9981
 9776.100      0.9722     0.9981
 9776.200      0.9313     0.9981
 9776.300      0.8629     0.9980
 9776.400      0.7827     0.9980
 9776.500      0.7380     0.9976
 9776.600      0.7477     0.9966
 9776.700      0.8032     0.9948
 9776.800      0.8581     0.9926
 9776.900      0.9094     0.9916
 9777.000      0.9294     0.9926
 9777.100      0.9440     0.9948
 9777.200      0.9574     0.9966
 9777.300      0.9709     0.9975
 9777.400      0.9839     0.9979
 9777.500      0.9929     0.9980
 9777.600      0.9984     0.9980
 9777.700      1.0003     0.9980
 9777.800      0.9973     0.9981
 9777.900      0.9948     0.9981
 9778.000      0.9941     0.9980
 9778.100      0.9968     0.9980
 9778.200      1.0000     0.9979
 9778.300      1.0024     0.9979
 9778.400      1.0063     0.9978
 9778.500      1.0115     0.9979
 9778.600      1.0069     0.9980
 9778.700      0.9997     0.9981
 9778.800      0.9920     0.9981
 9778.900      0.9894     0.9981
 9779.000      0.9877     0.9981
 9779.100      0.9645     0.9980
 9779.200      0.9158     0.9980
 9779.300      0.8551     0.9981
 9779.400      0.8119     0.9981
 9779.500      0.8047     0.9981
 9779.600      0.8417     0.9981
 9779.700      0.8904     0.9981
 9779.800      0.9403     0.9981
 9779.900      0.9757     0.9981
 9780.000      0.9953     0.9981
 9780.100      1.0020     0.9980
 9780.200      1.0036     0.9980
 9780.300      1.0016     0.9980
 9780.400      0.9972     0.9980
 9780.500      0.9963     0.9979
 9780.600      0.9978     0.9979
 9780.700      0.9985     0.9978
 9780.800      0.9973     0.9977
 9780.900      0.9944     0.9975
 9781.000      0.9943     0.9975
 9781.100      0.9941     0.9977
 9781.200      0.9862     0.9979
 9781.300      0.9766     0.9980
 9781.400      0.9666     0.9981
 9781.500      0.9575     0.9981
 9781.600      0.9459     0.9981
 9781.700      0.9166     0.9981
 9781.800      0.8467     0.9981
 9781.900      0.7662     0.9981
 9782.000      0.7127     0.9981
 9782.100      0.7220     0.9981
 9782.200      0.7827     0.9981
 9782.300      0.8544     0.9981
 9782.400      0.9211     0.9981
 9782.500      0.9629     0.9981
 9782.600      0.9877     0.9981
 9782.700      1.0001     0.9981
 9782.800      1.0033     0.9981
 9782.900      1.0021     0.9981
 9783.000      0.9996     0.9981
 9783.100      1.0004     0.9980
 9783.200      1.0016     0.9980
 9783.300      1.0017     0.9979
 9783.400      1.0016     0.9979
 9783.500      1.0013     0.9979
 9783.600      0.9969     0.9980
 9783.700      0.9946     0.9980
 9783.800      0.9958     0.9979
 9783.900      0.9949     0.9979
 9784.000      0.9930     0.9978
 9784.100      0.9909     0.9978
 9784.200      0.9867     0.9977
 9784.300      0.9772     0.9972
 9784.400      0.9609     0.9966
 9784.500      0.9363     0.9961
 9784.600      0.8972     0.9963
 9784.700      0.8118     0.9969
 9784.800      0.6911     0.9975
 9784.900      0.5540     0.9978
 9785.000      0.4578     0.9980
 9785.100      0.4632     0.9980
 9785.200      0.5725     0.9981
 9785.300      0.6897     0.9981
 9785.400      0.8020     0.9981
 9785.500      0.8797     0.9981
 9785.600      0.9182     0.9981
 9785.700      0.9331     0.9981
 9785.800      0.9464     0.9981
 9785.900      0.9591     0.9980
 9786.000      0.9711     0.9980
 9786.100      0.9823     0.9978
 9786.200      0.9922     0.9977
 9786.300      0.9996     0.9975
 9786.400      1.0041     0.9969
 9786.500      1.0062     0.9952
 9786.600      1.0040     0.9925
 9786.700      0.9980     0.9901
 9786.800      0.9912     0.9896
 9786.900      0.9880     0.9916
 9787.000      1.0053     0.9944
 9787.100      1.0148     0.9964
 9787.200      1.0160     0.9973
 9787.300      1.0155     0.9976
 9787.400      1.0149     0.9977
 9787.500      1.0141     0.9978
 9787.600      1.0095     0.9979
 9787.700      1.0039     0.9979
 9787.800      1.0047     0.9979
 9787.900      1.0087     0.9975
 9788.000      1.0137     0.9963
 9788.100      1.0124     0.9941
 9788.200      1.0068     0.9920
 9788.300      0.9991     0.9914
 9788.400      0.9950     0.9928
 9788.500      0.9966     0.9949
 9788.600      1.0025     0.9961
 9788.700      1.0108     0.9963
 9788.800      1.0179     0.9963
 9788.900      1.0250     0.9968
 9789.000      1.0320     0.9974
 9789.100      1.0391     0.9978
 9789.200      1.0462     0.9980
 9789.300      1.0532     0.9980
 9789.400      1.0603     0.9981
 9789.500      1.0674     1.0000
 9789.600      1.0744     1.0000
 9789.700      1.0815     1.0000
 9789.800      1.0886     1.0000
 9789.900      1.0956     1.0000
 9790.000      1.1027     1.0000
