# t09572g430x+000m0                                           
# 0989010143.kgf                                              
# data\m56.fits                                               
# xmin,xmax,dshft,yshift,fz:   9763.50  10269.50   0.00000   0.00000   1.00000
# vw,rp,ifabs:   0.0    28300.   0
#                                                                     
# wave(A)   obs.spec.  the.spec.  overplot1  overplot2  overplot3  overplot4
 9890.000      0.9239     1.0000
 9890.100      0.9291     1.0000
 9890.200      0.9344     1.0000
 9890.300      0.9397     1.0000
 9890.400      0.9449     1.0000
 9890.500      0.9502     1.0000
 9890.600      0.9555     1.0000
 9890.700      0.9608     0.7706
 9890.800      0.9660     0.8285
 9890.900      0.9713     0.8965
 9891.000      0.9766     0.9456
 9891.100      0.9819     0.9708
 9891.200      0.9871     0.9801
 9891.300      0.9924     0.9814
 9891.400      0.9977     0.9777
 9891.500      1.0025     0.9700
 9891.600      1.0040     0.9609
 9891.700      1.0052     0.9548
 9891.800      1.0059     0.9558
 9891.900      1.0070     0.9635
 9892.000      1.0077     0.9738
 9892.100      1.0043     0.9824
 9892.200      1.0016     0.9880
 9892.300      1.0010     0.9911
 9892.400      1.0024     0.9927
 9892.500      1.0035     0.9936
 9892.600      0.9968     0.9942
 9892.700      0.9936     0.9946
 9892.800      0.9959     0.9949
 9892.900      0.9986     0.9951
 9893.000      1.0009     0.9953
 9893.100      0.9976     0.9954
 9893.200      0.9974     0.9954
 9893.300      1.0017     0.9954
 9893.400      1.0009     0.9953
 9893.500      0.9948     0.9950
 9893.600      0.9854     0.9943
 9893.700      0.9770     0.9933
 9893.800      0.9705     0.9921
 9893.900      0.9642     0.9914
 9894.000      0.9583     0.9917
 9894.100      0.9545     0.9927
 9894.200      0.9556     0.9940
 9894.300      0.9609     0.9950
 9894.400      0.9656     0.9955
 9894.500      0.9677     0.9955
 9894.600      0.9599     0.9952
 9894.700      0.9533     0.9946
 9894.800      0.9524     0.9944
 9894.900      0.9597     0.9946
 9895.000      0.9693     0.9952
 9895.100      0.9757     0.9958
 9895.200      0.9767     0.9960
 9895.300      0.9731     0.9961
 9895.400      0.9774     0.9961
 9895.500      0.9853     0.9961
 9895.600      0.9918     0.9961
 9895.700      0.9967     0.9961
 9895.800      0.9998     0.9960
 9895.900      1.0017     0.9960
 9896.000      1.0023     0.9960
 9896.100      1.0004     0.9960
 9896.200      0.9990     0.9961
 9896.300      0.9983     0.9961
 9896.400      0.9970     0.9962
 9896.500      0.9945     0.9962
 9896.600      0.9911     0.9962
 9896.700      0.9899     0.9962
 9896.800      0.9951     0.9962
 9896.900      1.0025     0.9962
 9897.000      1.0102     0.9962
 9897.100      1.0085     0.9961
 9897.200      1.0043     0.9961
 9897.300      0.9993     0.9961
 9897.400      0.9950     0.9961
 9897.500      0.9925     0.9961
 9897.600      0.9933     0.9960
 9897.700      0.9967     0.9960
 9897.800      1.0013     0.9959
 9897.900      1.0021     0.9959
 9898.000      1.0007     0.9958
 9898.100      0.9997     0.9958
 9898.200      1.0005     0.9957
 9898.300      1.0038     0.9956
 9898.400      1.0047     0.9955
 9898.500      1.0023     0.9953
 9898.600      0.9977     0.9950
 9898.700      0.9937     0.9946
 9898.800      0.9925     0.9939
 9898.900      0.9929     0.9930
 9899.000      0.9948     0.9915
 9899.100      0.9995     0.9890
 9899.200      1.0034     0.9854
 9899.300      1.0042     0.9817
 9899.400      1.0049     0.9798
 9899.500      1.0054     0.9809
 9899.600      1.0056     0.9844
 9899.700      1.0048     0.9881
 9899.800      1.0018     0.9908
 9899.900      0.9982     0.9925
 9900.000      0.9945     0.9936
 9900.100      0.9956     0.9943
 9900.200      0.9985     0.9948
 9900.300      1.0019     0.9950
 9900.400      1.0016     0.9952
 9900.500      0.9985     0.9954
 9900.600      0.9958     0.9955
 9900.700      0.9950     0.9956
 9900.800      0.9988     0.9956
 9900.900      1.0022     0.9957
 9901.000      1.0046     0.9957
 9901.100      1.0060     0.9958
 9901.200      1.0048     0.9959
 9901.300      0.9968     0.9959
 9901.400      0.9822     0.9959
 9901.500      0.9653     0.9960
 9901.600      0.9583     0.9960
 9901.700      0.9608     0.9960
 9901.800      0.9696     0.9960
 9901.900      0.9761     0.9960
 9902.000      0.9785     0.9960
 9902.100      0.9788     0.9960
 9902.200      0.9773     0.9960
 9902.300      0.9743     0.9960
 9902.400      0.9719     0.9960
 9902.500      0.9717     0.9960
 9902.600      0.9791     0.9960
 9902.700      0.9875     0.9960
 9902.800      0.9942     0.9960
 9902.900      0.9949     0.9960
 9903.000      0.9915     0.9960
 9903.100      0.9882     0.9960
 9903.200      0.9850     0.9959
 9903.300      0.9817     0.9958
 9903.400      0.9802     0.9956
 9903.500      0.9836     0.9952
 9903.600      0.9938     0.9949
 9903.700      1.0043     0.9947
 9903.800      1.0094     0.9950
 9903.900      1.0079     0.9954
 9904.000      1.0032     0.9957
 9904.100      0.9995     0.9958
 9904.200      0.9958     0.9958
 9904.300      0.9915     0.9957
 9904.400      0.9894     0.9957
 9904.500      0.9920     0.9957
 9904.600      0.9982     0.9957
 9904.700      1.0046     0.9958
 9904.800      1.0079     0.9958
 9904.900      1.0089     0.9958
 9905.000      1.0080     0.9957
 9905.100      1.0055     0.9956
 9905.200      1.0033     0.9954
 9905.300      1.0047     0.9953
 9905.400      1.0072     0.9951
 9905.500      1.0100     0.9949
 9905.600      1.0061     0.9945
 9905.700      1.0004     0.9940
 9905.800      0.9968     0.9937
 9905.900      0.9962     0.9937
 9906.000      0.9976     0.9940
 9906.100      0.9967     0.9944
 9906.200      0.9951     0.9948
 9906.300      0.9939     0.9951
 9906.400      0.9960     0.9953
 9906.500      1.0020     0.9955
 9906.600      1.0063     0.9956
 9906.700      1.0078     0.9957
 9906.800      1.0058     0.9957
 9906.900      1.0052     0.9956
 9907.000      1.0063     0.9955
 9907.100      1.0058     0.9954
 9907.200      1.0025     0.9954
 9907.300      0.9958     0.9954
 9907.400      0.9914     0.9955
 9907.500      0.9923     0.9956
 9907.600      0.9957     0.9955
 9907.700      0.9993     0.9954
 9907.800      1.0017     0.9951
 9907.900      1.0020     0.9948
 9908.000      1.0006     0.9949
 9908.100      1.0005     0.9952
 9908.200      1.0012     0.9955
 9908.300      1.0020     0.9957
 9908.400      1.0022     0.9957
 9908.500      1.0013     0.9957
 9908.600      1.0011     0.9957
 9908.700      1.0020     0.9957
 9908.800      1.0036     0.9957
 9908.900      1.0051     0.9956
 9909.000      1.0060     0.9954
 9909.100      1.0062     0.9952
 9909.200      1.0058     0.9950
 9909.300      1.0049     0.9949
 9909.400      1.0036     0.9946
 9909.500      1.0021     0.9938
 9909.600      1.0008     0.9927
 9909.700      0.9996     0.9921
 9909.800      0.9984     0.9924
 9909.900      0.9972     0.9935
 9910.000      0.9959     0.9946
 9910.100      0.9976     0.9952
 9910.200      1.0014     0.9955
 9910.300      1.0057     0.9956
 9910.400      1.0048     0.9955
 9910.500      0.9941     0.9955
 9910.600      0.9861     0.9954
 9910.700      0.9820     0.9954
 9910.800      0.9815     0.9954
 9910.900      0.9800     0.9954
 9911.000      0.9766     0.9955
 9911.100      0.9775     0.9955
 9911.200      0.9836     0.9955
 9911.300      0.9932     0.9955
 9911.400      1.0017     0.9955
 9911.500      1.0065     0.9955
 9911.600      1.0095     0.9955
 9911.700      1.0102     0.9954
 9911.800      1.0069     0.9951
 9911.900      1.0016     0.9945
 9912.000      0.9953     0.9935
 9912.100      0.9941     0.9926
 9912.200      0.9961     0.9924
 9912.300      0.9982     0.9932
 9912.400      0.9982     0.9942
 9912.500      0.9932     0.9948
 9912.600      0.9919     0.9951
 9912.700      0.9928     0.9950
 9912.800      0.9910     0.9943
 9912.900      0.9890     0.9927
 9913.000      0.9874     0.9904
 9913.100      0.9882     0.9886
 9913.200      0.9903     0.9887
 9913.300      0.9921     0.9907
 9913.400      0.9933     0.9930
 9913.500      0.9934     0.9944
 9913.600      0.9943     0.9950
 9913.700      0.9958     0.9952
 9913.800      0.9972     0.9951
 9913.900      0.9986     0.9951
 9914.000      0.9994     0.9949
 9914.100      0.9992     0.9945
 9914.200      0.9977     0.9936
 9914.300      0.9948     0.9919
 9914.400      0.9933     0.9896
 9914.500      0.9962     0.9878
 9914.600      0.9968     0.9877
 9914.700      0.9957     0.9892
 9914.800      0.9954     0.9913
 9914.900      0.9967     0.9926
 9915.000      1.0002     0.9929
 9915.100      1.0037     0.9918
 9915.200      1.0067     0.9879
 9915.300      1.0070     0.9790
 9915.400      1.0048     0.9633
 9915.500      1.0005     0.9437
 9915.600      0.9945     0.9296
 9915.700      0.9882     0.9301
 9915.800      0.9900     0.9448
 9915.900      0.9930     0.9644
 9916.000      0.9961     0.9798
 9916.100      0.9953     0.9883
 9916.200      0.9913     0.9919
 9916.300      0.9896     0.9931
 9916.400      0.9906     0.9936
 9916.500      0.9941     0.9938
 9916.600      0.9975     0.9941
 9916.700      1.0009     0.9944
 9916.800      1.0039     0.9947
 9916.900      1.0057     0.9948
 9917.000      1.0046     0.9949
 9917.100      1.0025     0.9949
 9917.200      1.0003     0.9950
 9917.300      0.9981     0.9950
 9917.400      0.9966     0.9950
 9917.500      0.9987     0.9950
 9917.600      0.9980     0.9950
 9917.700      0.9946     0.9950
 9917.800      0.9936     0.9950
 9917.900      0.9946     0.9950
 9918.000      0.9968     0.9950
 9918.100      0.9993     0.9950
 9918.200      1.0020     0.9950
 9918.300      1.0029     0.9950
 9918.400      1.0023     0.9950
 9918.500      1.0010     0.9950
 9918.600      1.0005     0.9950
 9918.700      1.0007     0.9950
 9918.800      1.0000     0.9950
 9918.900      0.9990     0.9950
 9919.000      0.9982     0.9950
 9919.100      0.9984     0.9950
 9919.200      1.0009     0.9950
 9919.300      1.0048     0.9950
 9919.400      1.0086     0.9950
 9919.500      1.0109     0.9949
 9919.600      1.0122     0.9949
 9919.700      1.0124     0.9949
 9919.800      1.0072     0.9949
 9919.900      1.0016     0.9949
 9920.000      1.0014     0.9949
 9920.100      1.0029     0.9949
 9920.200      1.0048     0.9949
 9920.300      1.0052     0.9949
 9920.400      1.0053     0.9949
 9920.500      1.0056     0.9948
 9920.600      1.0052     0.9948
 9920.700      1.0038     0.9948
 9920.800      1.0040     0.9948
 9920.900      1.0045     0.9948
 9921.000      1.0051     0.9948
 9921.100      1.0041     0.9948
 9921.200      1.0011     0.9948
 9921.300      1.0005     0.9948
 9921.400      1.0008     0.9947
 9921.500      1.0011     0.9947
 9921.600      0.9994     0.9947
 9921.700      0.9949     0.9947
 9921.800      0.9942     0.9947
 9921.900      0.9947     0.9947
 9922.000      0.9942     0.9946
 9922.100      0.9947     0.9946
 9922.200      0.9969     0.9946
 9922.300      0.9956     0.9946
 9922.400      0.9932     0.9946
 9922.500      0.9942     0.9946
 9922.600      0.9928     0.9947
 9922.700      0.9876     0.9947
 9922.800      0.9832     0.9947
 9922.900      0.9806     0.9947
 9923.000      0.9821     0.9947
 9923.100      0.9860     0.9946
 9923.200      0.9910     0.9946
 9923.300      0.9953     0.9946
 9923.400      0.9985     0.9946
 9923.500      1.0004     0.9946
 9923.600      1.0008     0.9946
 9923.700      1.0001     0.9946
 9923.800      0.9986     0.9945
 9923.900      0.9971     0.9945
 9924.000      0.9968     0.9945
 9924.100      0.9958     0.9944
 9924.200      0.9936     0.9944
 9924.300      0.9933     0.9943
 9924.400      0.9956     0.9941
 9924.500      1.0000     0.9941
 9924.600      1.0025     0.9941
 9924.700      1.0012     0.9942
 9924.800      1.0006     0.9944
 9924.900      1.0002     0.9944
 9925.000      0.9970     0.9945
 9925.100      0.9950     0.9945
 9925.200      0.9959     0.9945
 9925.300      0.9974     0.9945
 9925.400      0.9992     0.9945
 9925.500      1.0013     0.9944
 9925.600      1.0033     0.9944
 9925.700      1.0046     0.9944
 9925.800      1.0027     0.9944
 9925.900      0.9995     0.9944
 9926.000      0.9964     0.9944
 9926.100      0.9943     0.9944
 9926.200      0.9952     0.9944
 9926.300      0.9988     0.9943
 9926.400      1.0031     0.9943
 9926.500      1.0044     0.9943
 9926.600      1.0015     0.9942
 9926.700      0.9950     0.9942
 9926.800      0.9946     0.9941
 9926.900      0.9981     0.9942
 9927.000      1.0020     0.9942
 9927.100      1.0049     0.9942
 9927.200      1.0052     0.9942
 9927.300      1.0049     0.9942
 9927.400      1.0040     0.9942
 9927.500      0.9986     0.9942
 9927.600      0.9952     0.9942
 9927.700      0.9973     0.9942
 9927.800      0.9990     0.9942
 9927.900      0.9998     0.9942
 9928.000      0.9998     0.9941
 9928.100      0.9978     0.9941
 9928.200      0.9935     0.9941
 9928.300      0.9897     0.9941
 9928.400      0.9875     0.9941
 9928.500      0.9901     0.9941
 9928.600      0.9916     0.9941
 9928.700      0.9857     0.9941
 9928.800      0.9721     0.9941
 9928.900      0.9559     0.9940
 9929.000      0.9504     0.9940
 9929.100      0.9548     0.9940
 9929.200      0.9658     0.9940
 9929.300      0.9713     0.9940
 9929.400      0.9725     0.9939
 9929.500      0.9737     0.9939
 9929.600      0.9754     0.9939
 9929.700      0.9788     0.9938
 9929.800      0.9803     0.9938
 9929.900      0.9803     0.9937
 9930.000      0.9838     0.9937
 9930.100      0.9876     0.9936
 9930.200      0.9906     0.9935
 9930.300      0.9924     0.9935
 9930.400      0.9935     0.9934
 9930.500      0.9954     0.9932
 9930.600      0.9971     0.9930
 9930.700      0.9980     0.9925
 9930.800      1.0006     0.9912
 9930.900      1.0047     0.9869
 9931.000      1.0065     0.9737
 9931.100      1.0052     0.9432
 9931.200      1.0012     0.8950
 9931.300      0.9978     0.8498
 9931.400      0.9949     0.8382
 9931.500      0.9919     0.8694
 9931.600      0.9890     0.9195
 9931.700      0.9875     0.9596
 9931.800      0.9891     0.9804
 9931.900      0.9928     0.9881
 9932.000      0.9967     0.9904
 9932.100      1.0000     0.9910
 9932.200      1.0005     0.9907
 9932.300      1.0011     0.9902
 9932.400      1.0019     0.9903
 9932.500      1.0038     0.9912
 9932.600      1.0055     0.9922
 9932.700      1.0047     0.9929
 9932.800      1.0046     0.9932
 9932.900      1.0056     0.9933
 9933.000      1.0073     0.9934
 9933.100      1.0089     0.9934
 9933.200      1.0096     0.9935
 9933.300      1.0076     0.9935
 9933.400      1.0034     0.9935
 9933.500      1.0003     0.9935
 9933.600      0.9990     0.9935
 9933.700      0.9999     0.9935
 9933.800      1.0011     0.9935
 9933.900      1.0023     0.9935
 9934.000      1.0024     0.9934
 9934.100      1.0010     0.9934
 9934.200      0.9983     0.9934
 9934.300      0.9962     0.9934
 9934.400      0.9951     0.9934
 9934.500      0.9949     0.9934
 9934.600      0.9945     0.9934
 9934.700      0.9920     0.9934
 9934.800      0.9898     0.9934
 9934.900      0.9890     0.9934
 9935.000      0.9906     0.9934
 9935.100      0.9921     0.9933
 9935.200      0.9890     0.9933
 9935.300      0.9861     0.9933
 9935.400      0.9844     0.9933
 9935.500      0.9869     0.9933
 9935.600      0.9901     0.9933
 9935.700      0.9908     0.9933
 9935.800      0.9915     0.9933
 9935.900      0.9923     0.9933
 9936.000      0.9963     0.9932
 9936.100      1.0013     0.9932
 9936.200      1.0055     0.9932
 9936.300      1.0076     0.9932
 9936.400      1.0070     0.9932
 9936.500      1.0050     0.9931
 9936.600      1.0029     0.9931
 9936.700      1.0032     0.9931
 9936.800      1.0033     0.9931
 9936.900      1.0024     0.9930
 9937.000      0.9975     0.9928
 9937.100      0.9916     0.9924
 9937.200      0.9895     0.9920
 9937.300      0.9929     0.9919
 9937.400      1.0000     0.9921
 9937.500      1.0045     0.9925
 9937.600      1.0055     0.9928
 9937.700      1.0032     0.9929
 9937.800      1.0015     0.9930
 9937.900      1.0017     0.9930
 9938.000      1.0045     0.9930
 9938.100      1.0079     0.9930
 9938.200      1.0100     0.9929
 9938.300      1.0077     0.9929
 9938.400      1.0006     0.9929
 9938.500      0.9970     0.9929
 9938.600      0.9959     0.9929
 9938.700      0.9951     0.9929
 9938.800      0.9956     0.9929
 9938.900      0.9972     0.9928
 9939.000      0.9972     0.9928
 9939.100      0.9965     0.9928
 9939.200      0.9972     0.9928
 9939.300      0.9974     0.9928
 9939.400      0.9966     0.9928
 9939.500      0.9958     0.9928
 9939.600      0.9951     0.9927
 9939.700      0.9954     0.9927
 9939.800      0.9972     0.9927
 9939.900      1.0002     0.9927
 9940.000      1.0021     0.9927
 9940.100      1.0015     0.9926
 9940.200      0.9953     0.9926
 9940.300      0.9905     0.9926
 9940.400      0.9913     0.9925
 9940.500      0.9978     0.9923
 9940.600      1.0059     0.9920
 9940.700      1.0058     0.9918
 9940.800      1.0019     0.9911
 9940.900      0.9962     0.9886
 9941.000      0.9959     0.9811
 9941.100      0.9987     0.9659
 9941.200      1.0005     0.9455
 9941.300      0.9993     0.9301
 9941.400      0.9939     0.9303
 9941.500      0.9941     0.9459
 9941.600      0.9974     0.9662
 9941.700      0.9991     0.9813
 9941.800      0.9977     0.9887
 9941.900      0.9929     0.9914
 9942.000      0.9883     0.9921
 9942.100      0.9846     0.9922
 9942.200      0.9833     0.9922
 9942.300      0.9862     0.9922
 9942.400      0.9931     0.9922
 9942.500      0.9973     0.9922
 9942.600      0.9996     0.9922
 9942.700      1.0021     0.9922
 9942.800      1.0046     0.9922
 9942.900      1.0070     0.9922
 9943.000      1.0071     0.9922
 9943.100      1.0058     0.9922
 9943.200      1.0047     0.9921
 9943.300      1.0032     0.9921
 9943.400      1.0004     0.9921
 9943.500      0.9989     0.9921
 9943.600      0.9986     0.9921
 9943.700      0.9986     0.9921
 9943.800      0.9981     0.9920
 9943.900      0.9958     0.9919
 9944.000      0.9947     0.9917
 9944.100      0.9956     0.9916
 9944.200      0.9979     0.9916
 9944.300      0.9998     0.9918
 9944.400      0.9999     0.9919
 9944.500      1.0006     0.9919
 9944.600      1.0019     0.9919
 9944.700      1.0034     0.9919
 9944.800      1.0050     0.9919
 9944.900      1.0069     0.9919
 9945.000      1.0053     0.9919
 9945.100      1.0007     0.9919
 9945.200      0.9977     0.9918
 9945.300      0.9966     0.9918
 9945.400      0.9972     0.9918
 9945.500      0.9968     0.9918
 9945.600      0.9954     0.9918
 9945.700      0.9958     0.9918
 9945.800      0.9958     0.9917
 9945.900      0.9929     0.9917
 9946.000      0.9900     0.9917
 9946.100      0.9871     0.9916
 9946.200      0.9914     0.9916
 9946.300      0.9969     0.9916
 9946.400      1.0013     0.9916
 9946.500      1.0029     0.9915
 9946.600      1.0028     0.9913
 9946.700      1.0027     0.9909
 9946.800      1.0021     0.9900
 9946.900      0.9992     0.9889
 9947.000      0.9979     0.9879
 9947.100      0.9984     0.9875
 9947.200      0.9985     0.9879
 9947.300      0.9977     0.9886
 9947.400      0.9951     0.9893
 9947.500      0.9933     0.9899
 9947.600      0.9935     0.9905
 9947.700      0.9958     0.9909
 9947.800      0.9983     0.9911
 9947.900      1.0004     0.9912
 9948.000      0.9990     0.9913
 9948.100      0.9943     0.9913
 9948.200      0.9913     0.9913
 9948.300      0.9897     0.9912
 9948.400      0.9892     0.9912
 9948.500      0.9919     0.9912
 9948.600      0.9965     0.9911
 9948.700      0.9990     0.9911
 9948.800      0.9991     0.9911
 9948.900      0.9970     0.9910
 9949.000      0.9937     0.9910
 9949.100      0.9899     0.9910
 9949.200      0.9864     0.9910
 9949.300      0.9835     0.9910
 9949.400      0.9824     0.9909
 9949.500      0.9834     0.9905
 9949.600      0.9855     0.9898
 9949.700      0.9877     0.9887
 9949.800      0.9896     0.9880
 9949.900      0.9899     0.9881
 9950.000      0.9908     0.9890
 9950.100      0.9928     0.9899
 9950.200      0.9938     0.9905
 9950.300      0.9945     0.9906
 9950.400      0.9964     0.9906
 9950.500      0.9981     0.9906
 9950.600      0.9991     0.9904
 9950.700      0.9981     0.9902
 9950.800      0.9967     0.9899
 9950.900      0.9959     0.9893
 9951.000      0.9945     0.9887
 9951.100      0.9922     0.9880
 9951.200      0.9899     0.9878
 9951.300      0.9879     0.9880
 9951.400      0.9875     0.9885
 9951.500      0.9890     0.9887
 9951.600      0.9914     0.9886
 9951.700      0.9933     0.9883
 9951.800      0.9938     0.9882
 9951.900      0.9914     0.9885
 9952.000      0.9906     0.9889
 9952.100      0.9924     0.9893
 9952.200      0.9943     0.9894
 9952.300      0.9961     0.9893
 9952.400      0.9961     0.9890
 9952.500      0.9961     0.9890
 9952.600      0.9960     0.9892
 9952.700      0.9972     0.9897
 9952.800      0.9988     0.9900
 9952.900      0.9995     0.9900
 9953.000      0.9978     0.9899
 9953.100      0.9935     0.9896
 9953.200      0.9899     0.9894
 9953.300      0.9876     0.9892
 9953.400      0.9869     0.9893
 9953.500      0.9857     0.9895
 9953.600      0.9837     0.9897
 9953.700      0.9839     0.9899
 9953.800      0.9865     0.9900
 9953.900      0.9905     0.9900
 9954.000      0.9935     0.9900
 9954.100      0.9947     0.9899
 9954.200      0.9961     0.9898
 9954.300      0.9975     0.9898
 9954.400      0.9952     0.9898
 9954.500      0.9929     0.9898
 9954.600      0.9909     0.9898
 9954.700      0.9916     0.9899
 9954.800      0.9938     0.9899
 9954.900      0.9944     0.9898
 9955.000      0.9929     0.9898
 9955.100      0.9897     0.9898
 9955.200      0.9894     0.9898
 9955.300      0.9907     0.9897
 9955.400      0.9909     0.9897
 9955.500      0.9909     0.9897
 9955.600      0.9910     0.9897
 9955.700      0.9929     0.9896
 9955.800      0.9958     0.9895
 9955.900      0.9968     0.9892
 9956.000      0.9965     0.9880
 9956.100      0.9955     0.9856
 9956.200      0.9976     0.9826
 9956.300      1.0015     0.9808
 9956.400      1.0036     0.9815
 9956.500      1.0026     0.9838
 9956.600      0.9984     0.9857
 9956.700      0.9963     0.9867
 9956.800      0.9976     0.9875
 9956.900      1.0015     0.9883
 9957.000      1.0045     0.9889
 9957.100      1.0040     0.9891
 9957.200      1.0024     0.9891
 9957.300      1.0008     0.9891
 9957.400      1.0019     0.9890
 9957.500      1.0022     0.9888
 9957.600      0.9995     0.9887
 9957.700      0.9982     0.9887
 9957.800      0.9978     0.9888
 9957.900      0.9966     0.9889
 9958.000      0.9941     0.9889
 9958.100      0.9901     0.9889
 9958.200      0.9867     0.9889
 9958.300      0.9858     0.9889
 9958.400      0.9924     0.9888
 9958.500      0.9985     0.9886
 9958.600      1.0009     0.9880
 9958.700      1.0034     0.9870
 9958.800      1.0060     0.9861
 9958.900      1.0049     0.9859
 9959.000      1.0040     0.9866
 9959.100      1.0050     0.9876
 9959.200      1.0057     0.9883
 9959.300      1.0051     0.9885
 9959.400      0.9978     0.9886
 9959.500      0.9902     0.9886
 9959.600      0.9853     0.9886
 9959.700      0.9852     0.9886
 9959.800      0.9880     0.9885
 9959.900      0.9917     0.9885
 9960.000      0.9955     0.9885
 9960.100      0.9992     0.9885
 9960.200      1.0017     0.9884
 9960.300      1.0017     0.9884
 9960.400      1.0002     0.9884
 9960.500      0.9991     0.9883
 9960.600      1.0005     0.9882
 9960.700      1.0015     0.9881
 9960.800      1.0017     0.9880
 9960.900      0.9995     0.9877
 9961.000      0.9962     0.9872
 9961.100      0.9927     0.9866
 9961.200      0.9910     0.9859
 9961.300      0.9919     0.9858
 9961.400      0.9934     0.9861
 9961.500      0.9954     0.9868
 9961.600      0.9978     0.9874
 9961.700      0.9999     0.9877
 9961.800      1.0014     0.9878
 9961.900      1.0022     0.9879
 9962.000      1.0029     0.9879
 9962.100      1.0041     0.9878
 9962.200      1.0048     0.9878
 9962.300      1.0048     0.9878
 9962.400      1.0046     0.9878
 9962.500      1.0036     0.9877
 9962.600      0.9996     0.9875
 9962.700      0.9962     0.9870
 9962.800      0.9943     0.9861
 9962.900      0.9943     0.9852
 9963.000      0.9935     0.9847
 9963.100      0.9863     0.9851
 9963.200      0.9808     0.9861
 9963.300      0.9806     0.9869
 9963.400      0.9868     0.9873
 9963.500      0.9939     0.9874
 9963.600      0.9989     0.9874
 9963.700      1.0014     0.9874
 9963.800      1.0023     0.9873
 9963.900      1.0031     0.9873
 9964.000      1.0036     0.9873
 9964.100      1.0038     0.9873
 9964.200      1.0031     0.9872
 9964.300      1.0016     0.9872
 9964.400      0.9999     0.9872
 9964.500      0.9984     0.9871
 9964.600      0.9987     0.9871
 9964.700      1.0001     0.9871
 9964.800      1.0019     0.9870
 9964.900      1.0022     0.9870
 9965.000      1.0009     0.9870
 9965.100      0.9984     0.9869
 9965.200      0.9969     0.9869
 9965.300      0.9967     0.9868
 9965.400      0.9951     0.9868
 9965.500      0.9930     0.9867
 9965.600      0.9914     0.9866
 9965.700      0.9934     0.9865
 9965.800      0.9999     0.9865
 9965.900      1.0047     0.9865
 9966.000      1.0060     0.9865
 9966.100      1.0013     0.9865
 9966.200      0.9967     0.9865
 9966.300      0.9930     0.9864
 9966.400      0.9935     0.9864
 9966.500      0.9952     0.9864
 9966.600      0.9945     0.9863
 9966.700      0.9939     0.9863
 9966.800      0.9939     0.9863
 9966.900      0.9960     0.9863
 9967.000      0.9989     0.9862
 9967.100      0.9993     0.9862
 9967.200      0.9975     0.9861
 9967.300      0.9944     0.9861
 9967.400      0.9940     0.9860
 9967.500      0.9957     0.9860
 9967.600      0.9984     0.9860
 9967.700      1.0004     0.9860
 9967.800      1.0011     0.9859
 9967.900      1.0018     0.9859
 9968.000      1.0025     0.9859
 9968.100      1.0001     0.9858
 9968.200      0.9966     0.9857
 9968.300      0.9927     0.9856
 9968.400      0.9923     0.9855
 9968.500      0.9936     0.9854
 9968.600      0.9945     0.9854
 9968.700      0.9936     0.9854
 9968.800      0.9901     0.9853
 9968.900      0.9887     0.9849
 9969.000      0.9900     0.9844
 9969.100      0.9934     0.9840
 9969.200      0.9951     0.9840
 9969.300      0.9930     0.9844
 9969.400      0.9907     0.9848
 9969.500      0.9884     0.9851
 9969.600      0.9876     0.9851
 9969.700      0.9861     0.9851
 9969.800      0.9828     0.9851
 9969.900      0.9807     0.9851
 9970.000      0.9807     0.9851
 9970.100      0.9846     0.9850
 9970.200      0.9881     0.9849
 9970.300      0.9894     0.9848
 9970.400      0.9884     0.9846
 9970.500      0.9867     0.9842
 9970.600      0.9876     0.9837
 9970.700      0.9894     0.9833
 9970.800      0.9915     0.9834
 9970.900      0.9913     0.9838
 9971.000      0.9897     0.9842
 9971.100      0.9934     0.9844
 9971.200      0.9965     0.9844
 9971.300      0.9960     0.9842
 9971.400      0.9933     0.9838
 9971.500      0.9895     0.9831
 9971.600      0.9851     0.9826
 9971.700      0.9811     0.9827
 9971.800      0.9791     0.9831
 9971.900      0.9789     0.9837
 9972.000      0.9805     0.9840
 9972.100      0.9838     0.9841
 9972.200      0.9875     0.9841
 9972.300      0.9913     0.9840
 9972.400      0.9965     0.9840
 9972.500      1.0026     0.9840
 9972.600      1.0030     0.9839
 9972.700      0.9999     0.9839
 9972.800      0.9950     0.9838
 9972.900      0.9937     0.9837
 9973.000      0.9961     0.9837
 9973.100      0.9997     0.9836
 9973.200      1.0023     0.9836
 9973.300      1.0011     0.9836
 9973.400      0.9986     0.9835
 9973.500      0.9959     0.9835
 9973.600      0.9958     0.9834
 9973.700      0.9959     0.9834
 9973.800      0.9960     0.9833
 9973.900      0.9946     0.9833
 9974.000      0.9919     0.9833
 9974.100      0.9892     0.9832
 9974.200      0.9869     0.9832
 9974.300      0.9853     0.9831
 9974.400      0.9819     0.9830
 9974.500      0.9768     0.9828
 9974.600      0.9759     0.9823
 9974.700      0.9807     0.9817
 9974.800      0.9908     0.9813
 9974.900      0.9984     0.9814
 9975.000      1.0012     0.9818
 9975.100      1.0004     0.9823
 9975.200      0.9984     0.9825
 9975.300      0.9958     0.9826
 9975.400      0.9935     0.9826
 9975.500      0.9921     0.9825
 9975.600      0.9944     0.9825
 9975.700      0.9975     0.9824
 9975.800      1.0007     0.9822
 9975.900      1.0003     0.9820
 9976.000      0.9962     0.9819
 9976.100      0.9951     0.9819
 9976.200      0.9960     0.9819
 9976.300      0.9978     0.9819
 9976.400      0.9972     0.9816
 9976.500      0.9942     0.9810
 9976.600      0.9918     0.9805
 9976.700      0.9911     0.9802
 9976.800      0.9926     0.9805
 9976.900      0.9931     0.9811
 9977.000      0.9926     0.9814
 9977.100      0.9924     0.9816
 9977.200      0.9928     0.9816
 9977.300      0.9942     0.9816
 9977.400      0.9943     0.9815
 9977.500      0.9928     0.9814
 9977.600      0.9935     0.9814
 9977.700      0.9959     0.9813
 9977.800      0.9990     0.9812
 9977.900      1.0002     0.9812
 9978.000      0.9992     0.9811
 9978.100      0.9986     0.9810
 9978.200      0.9980     0.9809
 9978.300      0.9975     0.9809
 9978.400      0.9968     0.9809
 9978.500      0.9960     0.9808
 9978.600      0.9972     0.9808
 9978.700      0.9987     0.9807
 9978.800      0.9989     0.9807
 9978.900      0.9988     0.9806
 9979.000      0.9987     0.9806
 9979.100      1.0004     0.9805
 9979.200      1.0025     0.9805
 9979.300      1.0019     0.9804
 9979.400      0.9985     0.9803
 9979.500      0.9931     0.9802
 9979.600      0.9873     0.9802
 9979.700      0.9819     0.9801
 9979.800      0.9831     0.9801
 9979.900      0.9887     0.9800
 9980.000      0.9962     0.9798
 9980.100      0.9975     0.9795
 9980.200      0.9968     0.9787
 9980.300      0.9968     0.9777
 9980.400      0.9985     0.9768
 9980.500      1.0017     0.9764
 9980.600      1.0038     0.9768
 9980.700      1.0039     0.9776
 9980.800      1.0015     0.9784
 9980.900      0.9993     0.9790
 9981.000      0.9975     0.9792
 9981.100      0.9943     0.9793
 9981.200      0.9910     0.9792
 9981.300      0.9946     0.9792
 9981.400      0.9976     0.9791
 9981.500      0.9986     0.9790
 9981.600      0.9963     0.9790
 9981.700      0.9934     0.9789
 9981.800      0.9956     0.9788
 9981.900      0.9973     0.9788
 9982.000      0.9980     0.9787
 9982.100      1.0005     0.9786
 9982.200      1.0037     0.9786
 9982.300      1.0041     0.9785
 9982.400      1.0031     0.9784
 9982.500      1.0014     0.9784
 9982.600      1.0017     0.9783
 9982.700      1.0029     0.9782
 9982.800      1.0014     0.9781
 9982.900      1.0000     0.9779
 9983.000      0.9994     0.9775
 9983.100      1.0023     0.9770
 9983.200      1.0067     0.9763
 9983.300      1.0057     0.9756
 9983.400      1.0014     0.9750
 9983.500      0.9955     0.9750
 9983.600      0.9938     0.9757
 9983.700      0.9943     0.9766
 9983.800      0.9942     0.9771
 9983.900      0.9931     0.9773
 9984.000      0.9912     0.9773
 9984.100      0.9931     0.9772
 9984.200      0.9969     0.9771
 9984.300      1.0007     0.9768
 9984.400      1.0035     0.9763
 9984.500      1.0040     0.9758
 9984.600      1.0042     0.9756
 9984.700      1.0039     0.9758
 9984.800      1.0028     0.9762
 9984.900      1.0016     0.9765
 9985.000      1.0006     0.9765
 9985.100      1.0001     0.9765
 9985.200      1.0001     0.9764
 9985.300      1.0001     0.9763
 9985.400      1.0003     0.9763
 9985.500      1.0007     0.9762
 9985.600      1.0010     0.9761
 9985.700      1.0013     0.9760
 9985.800      0.9986     0.9759
 9985.900      0.9966     0.9758
 9986.000      0.9983     0.9757
 9986.100      1.0014     0.9754
 9986.200      1.0048     0.9749
 9986.300      1.0027     0.9740
 9986.400      0.9990     0.9731
 9986.500      0.9946     0.9728
 9986.600      0.9883     0.9732
 9986.700      0.9813     0.9740
 9986.800      0.9794     0.9746
 9986.900      0.9792     0.9749
 9987.000      0.9800     0.9749
 9987.100      0.9843     0.9749
 9987.200      0.9904     0.9748
 9987.300      0.9956     0.9747
 9987.400      0.9985     0.9747
 9987.500      0.9978     0.9746
 9987.600      0.9958     0.9745
 9987.700      0.9936     0.9744
 9987.800      0.9924     0.9743
 9987.900      0.9918     0.9742
 9988.000      0.9915     0.9741
 9988.100      0.9931     0.9741
 9988.200      0.9956     0.9740
 9988.300      0.9903     0.9739
 9988.400      0.9846     0.9738
 9988.500      0.9827     0.9737
 9988.600      0.9844     0.9736
 9988.700      0.9874     0.9735
 9988.800      0.9898     0.9734
 9988.900      0.9909     0.9733
 9989.000      0.9899     0.9733
 9989.100      0.9860     0.9732
 9989.200      0.9809     0.9731
 9989.300      0.9827     0.9729
 9989.400      0.9878     0.9728
 9989.500      0.9939     0.9727
 9989.600      0.9948     0.9726
 9989.700      0.9911     0.9725
 9989.800      0.9886     0.9724
 9989.900      0.9890     0.9724
 9990.000      0.9936     0.9723
 9990.100      0.9978     0.9722
 9990.200      1.0007     0.9721
 9990.300      1.0007     0.9720
 9990.400      1.0006     0.9719
 9990.500      1.0016     0.9718
 9990.600      1.0016     0.9718
 9990.700      0.9996     0.9717
 9990.800      0.9960     0.9716
 9990.900      0.9924     0.9715
 9991.000      0.9903     0.9714
 9991.100      0.9907     0.9713
 9991.200      0.9924     0.9712
 9991.300      0.9940     0.9711
 9991.400      0.9945     0.9710
 9991.500      0.9899     0.9709
 9991.600      0.9869     0.9708
 9991.700      0.9878     0.9707
 9991.800      0.9919     0.9705
 9991.900      0.9961     0.9704
 9992.000      0.9972     0.9703
 9992.100      0.9951     0.9702
 9992.200      0.9908     0.9701
 9992.300      0.9856     0.9700
 9992.400      0.9817     0.9699
 9992.500      0.9878     0.9698
 9992.600      0.9935     0.9697
 9992.700      0.9973     0.9695
 9992.800      0.9963     0.9692
 9992.900      0.9946     0.9685
 9993.000      0.9947     0.9673
 9993.100      0.9942     0.9660
 9993.200      0.9919     0.9652
 9993.300      0.9878     0.9656
 9993.400      0.9835     0.9667
 9993.500      0.9804     0.9677
 9993.600      0.9789     0.9682
 9993.700      0.9800     0.9682
 9993.800      0.9854     0.9679
 9993.900      0.9914     0.9669
 9994.000      0.9938     0.9656
 9994.100      0.9944     0.9646
 9994.200      0.9938     0.9647
 9994.300      0.9916     0.9656
 9994.400      0.9895     0.9667
 9994.500      0.9909     0.9672
 9994.600      0.9909     0.9674
 9994.700      0.9887     0.9673
 9994.800      0.9869     0.9672
 9994.900      0.9862     0.9671
 9995.000      0.9907     0.9670
 9995.100      0.9916     0.9669
 9995.200      0.9870     0.9667
 9995.300      0.9847     0.9666
 9995.400      0.9830     0.9665
 9995.500      0.9767     0.9664
 9995.600      0.9704     0.9663
 9995.700      0.9640     0.9661
 9995.800      0.9689     0.9660
 9995.900      0.9780     0.9659
 9996.000      0.9850     0.9657
 9996.100      0.9906     0.9656
 9996.200      0.9947     0.9655
 9996.300      0.9967     0.9653
 9996.400      0.9960     0.9650
 9996.500      0.9908     0.9645
 9996.600      0.9870     0.9638
 9996.700      0.9875     0.9633
 9996.800      0.9908     0.9632
 9996.900      0.9946     0.9634
 9997.000      0.9948     0.9636
 9997.100      0.9954     0.9627
 9997.200      0.9970     0.9581
 9997.300      0.9959     0.9454
 9997.400      0.9935     0.9228
 9997.500      0.9925     0.8989
 9997.600      0.9933     0.8903
 9997.700      0.9956     0.9035
 9997.800      0.9970     0.9271
 9997.900      0.9979     0.9466
 9998.000      1.0005     0.9571
 9998.100      1.0029     0.9611
 9998.200      1.0048     0.9623
 9998.300      1.0034     0.9625
 9998.400      1.0002     0.9625
 9998.500      0.9967     0.9623
 9998.600      0.9941     0.9622
 9998.700      0.9943     0.9621
 9998.800      0.9962     0.9619
 9998.900      0.9986     0.9618
 9999.000      0.9993     0.9617
 9999.100      1.0001     0.9615
 9999.200      1.0012     0.9614
 9999.300      1.0015     0.9612
 9999.400      0.9999     0.9611
 9999.500      0.9947     0.9609
 9999.600      0.9907     0.9608
 9999.700      0.9914     0.9606
 9999.800      0.9947     0.9604
 9999.900      0.9985     0.9602
10000.000      0.9987     0.9600
10000.100      0.9971     0.9599
10000.200      0.9944     0.9598
10000.300      0.9904     0.9596
10000.400      0.9860     0.9595
10000.500      0.9846     0.9593
10000.600      0.9833     0.9591
10000.700      0.9816     0.9589
10000.800      0.9797     0.9588
10000.900      0.9777     0.9586
10001.000      0.9811     0.9584
10001.100      0.9843     0.9581
10001.200      0.9849     0.9577
10001.300      0.9847     0.9573
10001.400      0.9835     0.9571
10001.500      0.9795     0.9571
10001.600      0.9736     0.9572
10001.700      0.9666     0.9573
10001.800      0.9638     0.9572
10001.900      0.9654     0.9570
10002.000      0.9679     0.9568
10002.100      0.9710     0.9566
10002.200      0.9744     0.9564
10002.300      0.9775     0.9562
10002.400      0.9799     0.9561
10002.500      0.9797     0.9559
10002.600      0.9802     0.9555
10002.700      0.9844     0.9546
10002.800      0.9885     0.9529
10002.900      0.9924     0.9507
10003.000      0.9942     0.9490
10003.100      0.9951     0.9490
10003.200      0.9953     0.9503
10003.300      0.9942     0.9519
10003.400      0.9924     0.9528
10003.500      0.9909     0.9529
10003.600      0.9908     0.9529
10003.700      0.9933     0.9530
10003.800      0.9933     0.9531
10003.900      0.9910     0.9532
10004.000      0.9884     0.9531
10004.100      0.9866     0.9530
10004.200      0.9891     0.9528
10004.300      0.9925     0.9526
10004.400      0.9962     0.9524
10004.500      0.9977     0.9522
10004.600      0.9984     0.9520
10004.700      0.9988     0.9518
10004.800      0.9974     0.9516
10004.900      0.9950     0.9514
10005.000      0.9966     0.9512
10005.100      0.9997     0.9510
10005.200      1.0032     0.9508
10005.300      1.0028     0.9507
10005.400      0.9985     0.9505
10005.500      0.9954     0.9503
10005.600      0.9948     0.9501
10005.700      0.9981     0.9499
10005.800      0.9994     0.9497
10005.900      0.9984     0.9495
10006.000      0.9999     0.9492
10006.100      1.0011     0.9490
10006.200      0.9971     0.9488
10006.300      0.9930     0.9486
10006.400      0.9889     0.9484
10006.500      0.9891     0.9482
10006.600      0.9921     0.9480
10006.700      0.9963     0.9478
10006.800      0.9989     0.9476
10006.900      0.9997     0.9474
10007.000      1.0009     0.9472
10007.100      1.0020     0.9470
10007.200      1.0014     0.9468
10007.300      1.0008     0.9465
10007.400      1.0004     0.9463
10007.500      0.9974     0.9461
10007.600      0.9941     0.9459
10007.700      0.9941     0.9457
10007.800      0.9960     0.9455
10007.900      0.9987     0.9453
10008.000      1.0014     0.9450
10008.100      1.0036     0.9448
10008.200      1.0024     0.9446
10008.300      1.0005     0.9444
10008.400      0.9983     0.9441
10008.500      0.9981     0.9438
10008.600      0.9990     0.9435
10008.700      1.0001     0.9431
10008.800      0.9984     0.9429
10008.900      0.9925     0.9426
10009.000      0.9894     0.9424
10009.100      0.9904     0.9421
10009.200      0.9953     0.9418
10009.300      1.0002     0.9415
10009.400      1.0043     0.9412
10009.500      1.0047     0.9408
10009.600      1.0031     0.9406
10009.700      1.0010     0.9404
10009.800      0.9997     0.9403
10009.900      1.0001     0.9401
10010.000      1.0006     0.9399
10010.100      1.0015     0.9397
10010.200      1.0034     0.9394
10010.300      1.0019     0.9392
10010.400      0.9951     0.9390
10010.500      0.9924     0.9387
10010.600      0.9937     0.9385
10010.700      0.9970     0.9382
10010.800      0.9994     0.9380
10010.900      0.9992     0.9377
10011.000      0.9979     0.9375
10011.100      0.9964     0.9372
10011.200      0.9960     0.9370
10011.300      0.9951     0.9367
10011.400      0.9935     0.9365
10011.500      0.9925     0.9362
10011.600      0.9919     0.9359
10011.700      0.9891     0.9356
10011.800      0.9874     0.9354
10011.900      0.9878     0.9351
10012.000      0.9852     0.9349
10012.100      0.9811     0.9346
10012.200      0.9788     0.9343
10012.300      0.9807     0.9341
10012.400      0.9871     0.9338
10012.500      0.9894     0.9335
10012.600      0.9892     0.9332
10012.700      0.9887     0.9329
10012.800      0.9888     0.9325
10012.900      0.9902     0.9321
10013.000      0.9912     0.9317
10013.100      0.9913     0.9314
10013.200      0.9900     0.9310
10013.300      0.9900     0.9307
10013.400      0.9936     0.9305
10013.500      0.9980     0.9302
10013.600      1.0026     0.9298
10013.700      1.0027     0.9295
10013.800      0.9995     0.9292
10013.900      0.9943     0.9289
10014.000      0.9891     0.9286
10014.100      0.9842     0.9283
10014.200      0.9800     0.9280
10014.300      0.9775     0.9276
10014.400      0.9787     0.9271
10014.500      0.9845     0.9267
10014.600      0.9917     0.9264
10014.700      0.9938     0.9262
10014.800      0.9940     0.9260
10014.900      0.9935     0.9258
10015.000      0.9934     0.9255
10015.100      0.9939     0.9253
10015.200      0.9950     0.9250
10015.300      0.9964     0.9246
10015.400      0.9979     0.9243
10015.500      0.9971     0.9240
10015.600      0.9944     0.9237
10015.700      0.9915     0.9234
10015.800      0.9897     0.9230
10015.900      0.9918     0.9227
10016.000      0.9949     0.9224
10016.100      0.9982     0.9221
10016.200      0.9990     0.9217
10016.300      0.9976     0.9214
10016.400      0.9944     0.9211
10016.500      0.9902     0.9207
10016.600      0.9858     0.9204
10016.700      0.9865     0.9200
10016.800      0.9892     0.9197
10016.900      0.9924     0.9193
10017.000      0.9955     0.9188
10017.100      0.9979     0.9183
10017.200      0.9985     0.9179
10017.300      0.9993     0.9174
10017.400      1.0008     0.9170
10017.500      1.0021     0.9166
10017.600      1.0026     0.9160
10017.700      1.0019     0.9155
10017.800      1.0010     0.9150
10017.900      1.0001     0.9147
10018.000      0.9982     0.9144
10018.100      0.9956     0.9142
10018.200      0.9960     0.9139
10018.300      0.9968     0.9134
10018.400      0.9965     0.9128
10018.500      0.9949     0.9124
10018.600      0.9927     0.9121
10018.700      0.9933     0.9120
10018.800      0.9941     0.9117
10018.900      0.9930     0.9114
10019.000      0.9886     0.9111
10019.100      0.9792     0.9107
10019.200      0.9629     0.9103
10019.300      0.9460     0.9099
10019.400      0.9329     0.9095
10019.500      0.9281     0.9091
10019.600      0.9356     0.9087
10019.700      0.9545     0.9082
10019.800      0.9741     0.9078
10019.900      0.9880     0.9074
10020.000      0.9937     0.9071
10020.100      0.9940     0.9067
10020.200      0.9929     0.9064
10020.300      0.9918     0.9060
10020.400      0.9916     0.9056
10020.500      0.9936     0.9052
10020.600      0.9973     0.9047
10020.700      0.9963     0.9043
10020.800      0.9928     0.9038
10020.900      0.9884     0.9032
10021.000      0.9862     0.9026
10021.100      0.9864     0.9021
10021.200      0.9832     0.9016
10021.300      0.9793     0.9012
10021.400      0.9776     0.9007
10021.500      0.9814     0.9003
10021.600      0.9891     0.8998
10021.700      0.9943     0.8994
10021.800      0.9960     0.8989
10021.900      0.9944     0.8985
10022.000      0.9938     0.8980
10022.100      0.9950     0.8976
10022.200      0.9967     0.8971
10022.300      0.9983     0.8967
10022.400      0.9977     0.8963
10022.500      0.9972     0.8958
10022.600      0.9974     0.8953
10022.700      0.9983     0.8949
10022.800      0.9992     0.8944
10022.900      0.9994     0.8940
10023.000      0.9995     0.8935
10023.100      0.9995     0.8930
10023.200      1.0002     0.8926
10023.300      1.0008     0.8921
10023.400      0.9973     0.8916
10023.500      0.9945     0.8911
10023.600      0.9937     0.8907
10023.700      0.9952     0.8902
10023.800      0.9971     0.8897
10023.900      0.9973     0.8892
10024.000      0.9946     0.8887
10024.100      0.9888     0.8882
10024.200      0.9816     0.8877
10024.300      0.9743     0.8870
10024.400      0.9724     0.8864
10024.500      0.9743     0.8857
10024.600      0.9785     0.8851
10024.700      0.9834     0.8846
10024.800      0.9883     0.8840
10024.900      0.9905     0.8835
10025.000      0.9905     0.8830
10025.100      0.9893     0.8824
10025.200      0.9882     0.8818
10025.300      0.9872     0.8811
10025.400      0.9904     0.8802
10025.500      0.9913     0.8790
10025.600      0.9881     0.8777
10025.700      0.9856     0.8767
10025.800      0.9848     0.8764
10025.900      0.9900     0.8766
10026.000      0.9936     0.8769
10026.100      0.9928     0.8768
10026.200      0.9899     0.8765
10026.300      0.9867     0.8760
10026.400      0.9899     0.8755
10026.500      0.9922     0.8749
10026.600      0.9924     0.8744
10026.700      0.9919     0.8738
10026.800      0.9913     0.8732
10026.900      0.9927     0.8727
10027.000      0.9958     0.8721
10027.100      0.9998     0.8715
10027.200      1.0029     0.8709
10027.300      1.0039     0.8702
10027.400      1.0013     0.8695
10027.500      0.9993     0.8687
10027.600      0.9989     0.8680
10027.700      0.9983     0.8674
10027.800      0.9978     0.8668
10027.900      0.9965     0.8662
10028.000      0.9957     0.8656
10028.100      0.9956     0.8649
10028.200      0.9950     0.8643
10028.300      0.9931     0.8637
10028.400      0.9886     0.8631
10028.500      0.9853     0.8625
10028.600      0.9856     0.8619
10028.700      0.9866     0.8612
10028.800      0.9885     0.8606
10028.900      0.9943     0.8600
10029.000      0.9998     0.8594
10029.100      1.0019     0.8587
10029.200      0.9981     0.8581
10029.300      0.9922     0.8575
10029.400      0.9943     0.8568
10029.500      0.9962     0.8561
10029.600      0.9963     0.8554
10029.700      0.9974     0.8548
10029.800      0.9992     0.8541
10029.900      0.9999     0.8534
10030.000      1.0003     0.8525
10030.100      1.0007     0.8515
10030.200      1.0021     0.8505
10030.300      1.0040     0.8497
10030.400      1.0047     0.8491
10030.500      1.0036     0.8486
10030.600      1.0011     0.8480
10030.700      1.0005     0.8474
10030.800      1.0014     0.8467
10030.900      1.0016     0.8460
10031.000      1.0024     0.8453
10031.100      1.0053     0.8446
10031.200      1.0076     0.8439
10031.300      1.0084     0.8431
10031.400      1.0048     0.8422
10031.500      1.0016     0.8414
10031.600      1.0022     0.8407
10031.700      1.0039     0.8401
10031.800      1.0058     0.8395
10031.900      1.0046     0.8387
10032.000      1.0032     0.8380
10032.100      1.0025     0.8372
10032.200      1.0033     0.8363
10032.300      1.0049     0.8355
10032.400      1.0051     0.8346
10032.500      1.0037     0.8338
10032.600      1.0006     0.8330
10032.700      0.9968     0.8322
10032.800      0.9929     0.8314
10032.900      0.9925     0.8306
10033.000      0.9945     0.8299
10033.100      0.9979     0.8291
10033.200      0.9998     0.8283
10033.300      0.9997     0.8276
10033.400      0.9989     0.8268
10033.500      0.9983     0.8260
10033.600      0.9988     0.8252
10033.700      0.9992     0.8243
10033.800      0.9994     0.8235
10033.900      1.0011     0.8227
10034.000      1.0027     0.8218
10034.100      1.0019     0.8208
10034.200      1.0008     0.8198
10034.300      0.9997     0.8189
10034.400      0.9992     0.8180
10034.500      0.9998     0.8171
10034.600      1.0015     0.8163
10034.700      1.0024     0.8154
10034.800      1.0005     0.8146
10034.900      0.9949     0.8137
10035.000      0.9891     0.8129
10035.100      0.9870     0.8120
10035.200      0.9888     0.8111
10035.300      0.9925     0.8102
10035.400      0.9962     0.8093
10035.500      0.9997     0.8084
10035.600      1.0014     0.8075
10035.700      1.0014     0.8065
10035.800      0.9995     0.8055
10035.900      0.9961     0.8045
10036.000      0.9909     0.8034
10036.100      0.9839     0.8025
10036.200      0.9804     0.8015
10036.300      0.9816     0.8003
10036.400      0.9831     0.7989
10036.500      0.9843     0.7970
10036.600      0.9829     0.7953
10036.700      0.9841     0.7943
10036.800      0.9892     0.7941
10036.900      0.9950     0.7940
10037.000      1.0000     0.7936
10037.100      0.9960     0.7928
10037.200      0.9921     0.7918
10037.300      0.9893     0.7907
10037.400      0.9933     0.7896
10037.500      0.9988     0.7885
10037.600      0.9993     0.7875
10037.700      0.9988     0.7865
10037.800      0.9980     0.7855
10037.900      0.9986     0.7844
10038.000      0.9994     0.7834
10038.100      0.9959     0.7824
10038.200      0.9924     0.7813
10038.300      0.9899     0.7802
10038.400      0.9912     0.7791
10038.500      0.9936     0.7779
10038.600      0.9960     0.7768
10038.700      0.9972     0.7756
10038.800      0.9967     0.7745
10038.900      0.9964     0.7734
10039.000      0.9962     0.7723
10039.100      0.9960     0.7712
10039.200      0.9954     0.7701
10039.300      0.9941     0.7690
10039.400      0.9921     0.7678
10039.500      0.9889     0.7666
10039.600      0.9823     0.7654
10039.700      0.9758     0.7642
10039.800      0.9702     0.7630
10039.900      0.9696     0.7618
10040.000      0.9736     0.7607
10040.100      0.9804     0.7595
10040.200      0.9849     0.7583
10040.300      0.9832     0.7571
10040.400      0.9783     0.7558
10040.500      0.9731     0.7545
10040.600      0.9760     0.7532
10040.700      0.9794     0.7520
10040.800      0.9828     0.7507
10040.900      0.9818     0.7495
10041.000      0.9788     0.7482
10041.100      0.9828     0.7470
10041.200      0.9863     0.7456
10041.300      0.9874     0.7443
10041.400      0.9845     0.7430
10041.500      0.9805     0.7416
10041.600      0.9770     0.7403
10041.700      0.9752     0.7390
10041.800      0.9762     0.7377
10041.900      0.9769     0.7363
10042.000      0.9770     0.7349
10042.100      0.9767     0.7335
10042.200      0.9767     0.7321
10042.300      0.9772     0.7308
10042.400      0.9772     0.7294
10042.500      0.9761     0.7279
10042.600      0.9738     0.7265
10042.700      0.9708     0.7250
10042.800      0.9674     0.7236
10042.900      0.9666     0.7221
10043.000      0.9674     0.7207
10043.100      0.9650     0.7192
10043.200      0.9632     0.7177
10043.300      0.9641     0.7162
10043.400      0.9659     0.7147
10043.500      0.9678     0.7131
10043.600      0.9653     0.7116
10043.700      0.9627     0.7100
10043.800      0.9602     0.7084
10043.900      0.9581     0.7069
10044.000      0.9561     0.7053
10044.100      0.9527     0.7037
10044.200      0.9475     0.7021
10044.300      0.9408     0.7004
10044.400      0.9361     0.6988
10044.500      0.9351     0.6971
10044.600      0.9366     0.6954
10044.700      0.9411     0.6937
10044.800      0.9479     0.6920
10044.900      0.9506     0.6902
10045.000      0.9500     0.6885
10045.100      0.9494     0.6867
10045.200      0.9483     0.6849
10045.300      0.9462     0.6831
10045.400      0.9437     0.6813
10045.500      0.9411     0.6794
10045.600      0.9412     0.6775
10045.700      0.9408     0.6756
10045.800      0.9380     0.6737
10045.900      0.9352     0.6717
10046.000      0.9325     0.6697
10046.100      0.9349     0.6677
10046.200      0.9376     0.6657
10046.300      0.9380     0.6636
10046.400      0.9360     0.6615
10046.500      0.9331     0.6593
10046.600      0.9316     0.6571
10046.700      0.9298     0.6549
10046.800      0.9258     0.6526
10046.900      0.9219     0.6503
10047.000      0.9182     0.6479
10047.100      0.9188     0.6454
10047.200      0.9192     0.6429
10047.300      0.9162     0.6403
10047.400      0.9126     0.6376
10047.500      0.9089     0.6348
10047.600      0.9107     0.6319
10047.700      0.9141     0.6289
10047.800      0.9179     0.6257
10047.900      0.9197     0.6225
10048.000      0.9182     0.6191
10048.100      0.9143     0.6154
10048.200      0.9105     0.6116
10048.300      0.9086     0.6074
10048.400      0.9067     0.6030
10048.500      0.9049     0.5981
10048.600      0.9020     0.5928
10048.700      0.8991     0.5869
10048.800      0.8976     0.5803
10048.900      0.8977     0.5727
10049.000      0.8984     0.5640
10049.100      0.8945     0.5545
10049.200      0.8899     0.5451
10049.300      0.8877     0.5384
10049.400      0.8870     0.5367
10049.500      0.8867     0.5407
10049.600      0.8861     0.5488
10049.700      0.8851     0.5585
10049.800      0.8838     0.5678
10049.900      0.8807     0.5760
10050.000      0.8759     0.5832
10050.100      0.8726     0.5895
10050.200      0.8712     0.5951
10050.300      0.8718     0.6002
10050.400      0.8706     0.6049
10050.500      0.8664     0.6092
10050.600      0.8614     0.6133
10050.700      0.8553     0.6171
10050.800      0.8480     0.6206
10050.900      0.8407     0.6240
10051.000      0.8334     0.6272
10051.100      0.8308     0.6303
10051.200      0.8295     0.6333
10051.300      0.8272     0.6361
10051.400      0.8230     0.6389
10051.500      0.8175     0.6415
10051.600      0.8122     0.6441
10051.700      0.8073     0.6466
10051.800      0.8029     0.6490
10051.900      0.7979     0.6514
10052.000      0.7917     0.6537
10052.100      0.7850     0.6560
10052.200      0.7782     0.6583
10052.300      0.7720     0.6604
10052.400      0.7674     0.6626
10052.500      0.7642     0.6647
10052.600      0.7597     0.6668
10052.700      0.7547     0.6688
10052.800      0.7511     0.6708
10052.900      0.7486     0.6728
10053.000      0.7470     0.6747
10053.100      0.7470     0.6767
10053.200      0.7474     0.6786
10053.300      0.7475     0.6805
10053.400      0.7477     0.6823
10053.500      0.7483     0.6841
10053.600      0.7488     0.6860
10053.700      0.7494     0.6877
10053.800      0.7529     0.6895
10053.900      0.7591     0.6913
10054.000      0.7666     0.6930
10054.100      0.7732     0.6947
10054.200      0.7790     0.6964
10054.300      0.7844     0.6981
10054.400      0.7912     0.6998
10054.500      0.8006     0.7014
10054.600      0.8086     0.7031
10054.700      0.8144     0.7047
10054.800      0.8178     0.7063
10054.900      0.8225     0.7079
10055.000      0.8294     0.7095
10055.100      0.8346     0.7111
10055.200      0.8391     0.7126
10055.300      0.8453     0.7142
10055.400      0.8498     0.7157
10055.500      0.8505     0.7172
10055.600      0.8506     0.7187
10055.700      0.8506     0.7202
10055.800      0.8520     0.7217
10055.900      0.8520     0.7232
10056.000      0.8492     0.7246
10056.100      0.8511     0.7261
10056.200      0.8577     0.7276
10056.300      0.8663     0.7290
10056.400      0.8743     0.7304
10056.500      0.8801     0.7318
10056.600      0.8852     0.7332
10056.700      0.8895     0.7346
10056.800      0.8921     0.7360
10056.900      0.8948     0.7374
10057.000      0.8979     0.7387
10057.100      0.9030     0.7401
10057.200      0.9089     0.7414
10057.300      0.9094     0.7427
10057.400      0.9107     0.7440
10057.500      0.9141     0.7453
10057.600      0.9174     0.7466
10057.700      0.9203     0.7479
10057.800      0.9212     0.7492
10057.900      0.9222     0.7505
10058.000      0.9236     0.7518
10058.100      0.9263     0.7530
10058.200      0.9302     0.7543
10058.300      0.9350     0.7556
10058.400      0.9385     0.7569
10058.500      0.9384     0.7581
10058.600      0.9397     0.7593
10058.700      0.9430     0.7605
10058.800      0.9477     0.7617
10058.900      0.9505     0.7629
10059.000      0.9476     0.7641
10059.100      0.9450     0.7653
10059.200      0.9439     0.7665
10059.300      0.9476     0.7677
10059.400      0.9515     0.7689
10059.500      0.9547     0.7701
10059.600      0.9580     0.7712
10059.700      0.9614     0.7723
10059.800      0.9645     0.7734
10059.900      0.9666     0.7745
10060.000      0.9663     0.7756
10060.100      0.9637     0.7767
10060.200      0.9604     0.7779
10060.300      0.9606     0.7790
10060.400      0.9634     0.7802
10060.500      0.9677     0.7813
10060.600      0.9688     0.7824
10060.700      0.9676     0.7835
10060.800      0.9719     0.7845
10060.900      0.9770     0.7855
10061.000      0.9820     0.7866
10061.100      0.9831     0.7876
10061.200      0.9804     0.7886
10061.300      0.9774     0.7896
10061.400      0.9755     0.7907
10061.500      0.9776     0.7918
10061.600      0.9777     0.7929
10061.700      0.9758     0.7939
10061.800      0.9766     0.7950
10061.900      0.9794     0.7960
10062.000      0.9834     0.7969
10062.100      0.9846     0.7979
10062.200      0.9832     0.7989
10062.300      0.9865     0.7998
10062.400      0.9899     0.8005
10062.500      0.9895     0.8012
10062.600      0.9895     0.8019
10062.700      0.9901     0.8027
10062.800      0.9915     0.8038
10062.900      0.9930     0.8051
10063.000      0.9942     0.8064
10063.100      0.9951     0.8076
10063.200      0.9958     0.8086
10063.300      0.9956     0.8096
10063.400      0.9960     0.8105
10063.500      0.9998     0.8113
10063.600      1.0016     0.8118
10063.700      1.0009     0.8119
10063.800      1.0000     0.8114
10063.900      0.9993     0.8107
10064.000      1.0003     0.8109
10064.100      0.9998     0.8124
10064.200      0.9977     0.8147
10064.300      0.9983     0.8170
10064.400      1.0001     0.8187
10064.500      1.0022     0.8197
10064.600      1.0020     0.8204
10064.700      0.9992     0.8207
10064.800      0.9970     0.8211
10064.900      0.9948     0.8218
10065.000      0.9922     0.8231
10065.100      0.9898     0.8246
10065.200      0.9884     0.8259
10065.300      0.9894     0.8270
10065.400      0.9917     0.8279
10065.500      0.9945     0.8287
10065.600      0.9957     0.8295
10065.700      0.9950     0.8303
10065.800      0.9953     0.8310
10065.900      0.9969     0.8318
10066.000      0.9995     0.8325
10066.100      1.0018     0.8334
10066.200      1.0026     0.8342
10066.300      1.0003     0.8350
10066.400      0.9977     0.8358
10066.500      0.9980     0.8367
10066.600      0.9975     0.8376
10066.700      0.9957     0.8385
10066.800      0.9953     0.8393
10066.900      0.9973     0.8401
10067.000      1.0021     0.8408
10067.100      1.0050     0.8416
10067.200      1.0048     0.8423
10067.300      1.0043     0.8430
10067.400      1.0038     0.8437
10067.500      1.0040     0.8444
10067.600      1.0040     0.8451
10067.700      1.0035     0.8458
10067.800      1.0025     0.8465
10067.900      1.0013     0.8472
10068.000      1.0001     0.8476
10068.100      0.9995     0.8479
10068.200      0.9999     0.8479
10068.300      1.0003     0.8482
10068.400      1.0008     0.8491
10068.500      1.0031     0.8504
10068.600      1.0039     0.8517
10068.700      1.0022     0.8528
10068.800      1.0010     0.8537
10068.900      1.0007     0.8546
10069.000      1.0025     0.8553
10069.100      1.0050     0.8560
10069.200      1.0077     0.8567
10069.300      1.0081     0.8573
10069.400      1.0073     0.8580
10069.500      1.0071     0.8586
10069.600      1.0068     0.8593
10069.700      1.0064     0.8599
10069.800      1.0067     0.8605
10069.900      1.0073     0.8611
10070.000      1.0036     0.8617
10070.100      1.0001     0.8624
10070.200      0.9973     0.8630
10070.300      0.9975     0.8636
10070.400      0.9990     0.8643
10070.500      0.9982     0.8649
10070.600      0.9978     0.8655
10070.700      0.9986     0.8661
10070.800      1.0012     0.8667
10070.900      1.0042     0.8674
10071.000      1.0070     0.8680
10071.100      1.0073     0.8686
10071.200      1.0031     0.8692
10071.300      0.9992     0.8699
10071.400      0.9959     0.8706
10071.500      0.9984     0.8714
10071.600      1.0001     0.8721
10071.700      0.9989     0.8727
10071.800      0.9969     0.8733
10071.900      0.9939     0.8739
10072.000      0.9887     0.8745
10072.100      0.9841     0.8750
10072.200      0.9823     0.8756
10072.300      0.9833     0.8762
10072.400      0.9864     0.8767
10072.500      0.9910     0.8773
10072.600      0.9954     0.8778
10072.700      0.9980     0.8783
10072.800      0.9979     0.8789
10072.900      0.9966     0.8794
10073.000      0.9981     0.8800
10073.100      0.9990     0.8805
10073.200      0.9976     0.8811
10073.300      0.9966     0.8816
10073.400      0.9958     0.8821
10073.500      0.9947     0.8826
10073.600      0.9945     0.8832
10073.700      0.9971     0.8837
10073.800      0.9990     0.8842
10073.900      1.0000     0.8847
10074.000      1.0006     0.8853
10074.100      1.0006     0.8858
10074.200      0.9999     0.8863
10074.300      1.0006     0.8869
10074.400      1.0022     0.8875
10074.500      1.0017     0.8881
10074.600      1.0012     0.8888
10074.700      1.0007     0.8894
10074.800      1.0003     0.8899
10074.900      0.9998     0.8904
10075.000      0.9964     0.8909
10075.100      0.9928     0.8914
10075.200      0.9906     0.8919
10075.300      0.9930     0.8924
10075.400      0.9980     0.8928
10075.500      0.9977     0.8933
10075.600      0.9970     0.8938
10075.700      0.9976     0.8942
10075.800      0.9974     0.8947
10075.900      0.9966     0.8951
10076.000      0.9970     0.8953
10076.100      0.9964     0.8952
10076.200      0.9901     0.8948
10076.300      0.9899     0.8946
10076.400      0.9951     0.8951
10076.500      1.0002     0.8962
10076.600      1.0043     0.8975
10076.700      1.0037     0.8985
10076.800      0.9994     0.8992
10076.900      0.9934     0.8997
10077.000      0.9870     0.9001
10077.100      0.9822     0.9005
10077.200      0.9844     0.9008
10077.300      0.9867     0.9010
10077.400      0.9887     0.9011
10077.500      0.9887     0.9012
10077.600      0.9871     0.9011
10077.700      0.9844     0.9012
10077.800      0.9848     0.9015
10077.900      0.9885     0.9024
10078.000      0.9923     0.9036
10078.100      0.9958     0.9048
10078.200      0.9969     0.9056
10078.300      0.9983     0.9062
10078.400      0.9999     0.9067
10078.500      0.9996     0.9071
10078.600      0.9971     0.9075
10078.700      0.9930     0.9080
10078.800      0.9907     0.9084
10078.900      0.9904     0.9088
10079.000      0.9901     0.9092
10079.100      0.9894     0.9096
10079.200      0.9867     0.9100
10079.300      0.9859     0.9104
10079.400      0.9875     0.9108
10079.500      0.9881     0.9111
10079.600      0.9885     0.9115
10079.700      0.9898     0.9119
10079.800      0.9908     0.9123
10079.900      0.9903     0.9127
10080.000      0.9846     0.9130
10080.100      0.9764     0.9134
10080.200      0.9673     0.9138
10080.300      0.9603     0.9141
10080.400      0.9595     0.9145
10080.500      0.9650     0.9149
10080.600      0.9719     0.9153
10080.700      0.9789     0.9157
10080.800      0.9842     0.9160
10080.900      0.9852     0.9164
10081.000      0.9831     0.9168
10081.100      0.9807     0.9171
10081.200      0.9810     0.9175
10081.300      0.9832     0.9178
10081.400      0.9863     0.9182
10081.500      0.9878     0.9185
10081.600      0.9889     0.9189
10081.700      0.9911     0.9193
10081.800      0.9926     0.9196
10081.900      0.9911     0.9197
10082.000      0.9838     0.9192
10082.100      0.9753     0.9178
10082.200      0.9722     0.9161
10082.300      0.9753     0.9153
10082.400      0.9822     0.9163
10082.500      0.9822     0.9186
10082.600      0.9796     0.9208
10082.700      0.9789     0.9224
10082.800      0.9816     0.9232
10082.900      0.9873     0.9238
10083.000      0.9887     0.9241
10083.100      0.9867     0.9245
10083.200      0.9833     0.9248
10083.300      0.9811     0.9252
10083.400      0.9829     0.9255
10083.500      0.9877     0.9258
10083.600      0.9929     0.9261
10083.700      0.9889     0.9264
10083.800      0.9846     0.9267
10083.900      0.9804     0.9269
10084.000      0.9841     0.9269
10084.100      0.9914     0.9267
10084.200      0.9919     0.9265
10084.300      0.9879     0.9266
10084.400      0.9816     0.9273
10084.500      0.9808     0.9281
10084.600      0.9827     0.9289
10084.700      0.9839     0.9294
10084.800      0.9857     0.9297
10084.900      0.9889     0.9300
10085.000      0.9919     0.9302
10085.100      0.9938     0.9305
10085.200      0.9933     0.9309
10085.300      0.9911     0.9312
10085.400      0.9880     0.9315
10085.500      0.9858     0.9319
10085.600      0.9858     0.9322
10085.700      0.9932     0.9324
10085.800      0.9998     0.9327
10085.900      1.0019     0.9330
10086.000      0.9979     0.9334
10086.100      0.9920     0.9338
10086.200      0.9899     0.9342
10086.300      0.9903     0.9345
10086.400      0.9919     0.9349
10086.500      0.9909     0.9352
10086.600      0.9882     0.9354
10086.700      0.9909     0.9357
10086.800      0.9949     0.9360
10086.900      0.9994     0.9362
10087.000      1.0025     0.9365
10087.100      1.0031     0.9368
10087.200      1.0011     0.9370
10087.300      1.0004     0.9373
10087.400      1.0032     0.9375
10087.500      1.0026     0.9378
10087.600      0.9996     0.9380
10087.700      0.9981     0.9383
10087.800      0.9984     0.9385
10087.900      1.0001     0.9388
10088.000      0.9997     0.9390
10088.100      0.9979     0.9393
10088.200      0.9977     0.9395
10088.300      0.9987     0.9398
10088.400      1.0003     0.9400
10088.500      0.9994     0.9403
10088.600      0.9966     0.9405
10088.700      0.9969     0.9407
10088.800      0.9987     0.9410
10088.900      1.0013     0.9412
10089.000      1.0013     0.9414
10089.100      0.9994     0.9417
10089.200      1.0002     0.9419
10089.300      1.0004     0.9421
10089.400      0.9975     0.9423
10089.500      0.9947     0.9425
10089.600      0.9918     0.9426
10089.700      0.9827     0.9428
10089.800      0.9737     0.9430
10089.900      0.9716     0.9432
10090.000      0.9785     0.9435
10090.100      0.9892     0.9437
10090.200      0.9957     0.9439
10090.300      1.0000     0.9441
10090.400      1.0033     0.9443
10090.500      1.0042     0.9446
10090.600      1.0026     0.9448
10090.700      0.9989     0.9450
10090.800      0.9964     0.9451
10090.900      0.9996     0.9451
10091.000      1.0028     0.9451
10091.100      1.0055     0.9450
10091.200      1.0026     0.9447
10091.300      0.9998     0.9443
10091.400      1.0019     0.9434
10091.500      1.0037     0.9415
10091.600      1.0039     0.9369
10091.700      0.9984     0.9252
10091.800      0.9935     0.9003
10091.900      0.9948     0.8591
10092.000      0.9961     0.8104
10092.100      0.9970     0.7742
10092.200      0.9950     0.7694
10092.300      0.9936     0.7989
10092.400      0.9987     0.8471
10092.500      1.0025     0.8923
10092.600      1.0033     0.9220
10092.700      1.0004     0.9368
10092.800      0.9976     0.9431
10092.900      0.9985     0.9458
10093.000      1.0004     0.9473
10093.100      1.0026     0.9483
10093.200      1.0009     0.9490
10093.300      0.9985     0.9496
10093.400      0.9979     0.9500
10093.500      0.9983     0.9504
10093.600      0.9990     0.9508
10093.700      0.9949     0.9512
10093.800      0.9897     0.9515
10093.900      0.9859     0.9518
10094.000      0.9839     0.9520
10094.100      0.9830     0.9523
10094.200      0.9824     0.9525
10094.300      0.9827     0.9527
10094.400      0.9873     0.9530
10094.500      0.9918     0.9532
10094.600      0.9951     0.9534
10094.700      0.9923     0.9537
10094.800      0.9879     0.9539
10094.900      0.9840     0.9542
10095.000      0.9767     0.9544
10095.100      0.9620     0.9547
10095.200      0.9437     0.9549
10095.300      0.9250     0.9551
10095.400      0.9086     0.9553
10095.500      0.9029     0.9555
10095.600      0.9096     0.9557
10095.700      0.9180     0.9559
10095.800      0.9261     0.9560
10095.900      0.9274     0.9562
10096.000      0.9265     0.9564
10096.100      0.9247     0.9566
10096.200      0.9240     0.9567
10096.300      0.9260     0.9568
10096.400      0.9346     0.9567
10096.500      0.9426     0.9561
10096.600      0.9490     0.9549
10096.700      0.9531     0.9535
10096.800      0.9572     0.9527
10096.900      0.9672     0.9534
10097.000      0.9762     0.9550
10097.100      0.9823     0.9567
10097.200      0.9867     0.9578
10097.300      0.9896     0.9583
10097.400      0.9907     0.9587
10097.500      0.9893     0.9589
10097.600      0.9864     0.9591
10097.700      0.9849     0.9592
10097.800      0.9862     0.9594
10097.900      0.9913     0.9595
10098.000      0.9960     0.9597
10098.100      0.9997     0.9597
10098.200      1.0037     0.9596
10098.300      1.0077     0.9592
10098.400      1.0021     0.9587
10098.500      0.9977     0.9587
10098.600      0.9967     0.9592
10098.700      0.9976     0.9599
10098.800      0.9988     0.9606
10098.900      0.9970     0.9610
10099.000      0.9961     0.9613
10099.100      0.9971     0.9615
10099.200      0.9958     0.9615
10099.300      0.9932     0.9615
10099.400      0.9915     0.9616
10099.500      0.9927     0.9617
10099.600      0.9980     0.9620
10099.700      1.0003     0.9623
10099.800      0.9999     0.9625
10099.900      0.9984     0.9627
10100.000      0.9976     0.9629
10100.100      0.9983     0.9630
10100.200      0.9972     0.9632
10100.300      0.9951     0.9633
10100.400      0.9966     0.9635
10100.500      0.9976     0.9636
10100.600      0.9972     0.9637
10100.700      1.0001     0.9639
10100.800      1.0050     0.9640
10100.900      1.0062     0.9641
10101.000      1.0079     0.9643
10101.100      1.0110     0.9644
10101.200      1.0134     0.9646
10101.300      1.0139     0.9647
10101.400      1.0110     0.9648
10101.500      1.0086     0.9649
10101.600      1.0076     0.9651
10101.700      1.0059     0.9652
10101.800      1.0036     0.9653
10101.900      1.0055     0.9655
10102.000      1.0068     0.9656
10102.100      1.0050     0.9657
10102.200      1.0025     0.9659
10102.300      0.9992     0.9660
10102.400      0.9942     0.9661
10102.500      0.9901     0.9662
10102.600      0.9891     0.9664
10102.700      0.9894     0.9665
10102.800      0.9909     0.9667
10102.900      0.9958     0.9668
10103.000      1.0004     0.9669
10103.100      1.0025     0.9671
10103.200      1.0026     0.9672
10103.300      1.0021     0.9673
10103.400      1.0039     0.9674
10103.500      1.0050     0.9675
10103.600      1.0023     0.9676
10103.700      1.0001     0.9677
10103.800      0.9993     0.9678
10103.900      1.0033     0.9679
10104.000      1.0065     0.9679
10104.100      1.0054     0.9678
10104.200      1.0046     0.9679
10104.300      1.0041     0.9681
10104.400      1.0028     0.9683
10104.500      1.0017     0.9683
10104.600      1.0022     0.9676
10104.700      1.0021     0.9650
10104.800      1.0006     0.9576
10104.900      0.9968     0.9437
10105.000      0.9940     0.9263
10105.100      0.9952     0.9148
10105.200      0.9954     0.9169
10105.300      0.9947     0.9302
10105.400      0.9956     0.9451
10105.500      0.9980     0.9554
10105.600      1.0015     0.9616
10105.700      1.0036     0.9657
10105.800      1.0026     0.9683
10105.900      0.9992     0.9696
10106.000      0.9957     0.9702
10106.100      0.9950     0.9704
10106.200      0.9975     0.9705
10106.300      1.0014     0.9707
10106.400      1.0049     0.9708
10106.500      1.0078     0.9709
10106.600      1.0101     0.9710
10106.700      1.0107     0.9711
10106.800      1.0088     0.9712
10106.900      1.0042     0.9713
10107.000      1.0004     0.9713
10107.100      1.0027     0.9710
10107.200      1.0052     0.9704
10107.300      1.0078     0.9694
10107.400      1.0036     0.9686
10107.500      0.9988     0.9687
10107.600      0.9996     0.9696
10107.700      1.0003     0.9705
10107.800      1.0005     0.9711
10107.900      0.9996     0.9715
10108.000      0.9986     0.9717
10108.100      0.9978     0.9717
10108.200      0.9962     0.9715
10108.300      0.9935     0.9708
10108.400      0.9913     0.9688
10108.500      0.9891     0.9627
10108.600      0.9857     0.9488
10108.700      0.9838     0.9263
10108.800      0.9843     0.9037
10108.900      0.9856     0.8951
10109.000      0.9869     0.9069
10109.100      0.9872     0.9306
10109.200      0.9887     0.9524
10109.300      0.9919     0.9653
10109.400      0.9947     0.9708
10109.500      0.9963     0.9728
10109.600      0.9946     0.9734
10109.700      0.9929     0.9738
10109.800      0.9913     0.9739
10109.900      0.9894     0.9741
10110.000      0.9874     0.9742
10110.100      0.9877     0.9743
10110.200      0.9906     0.9744
10110.300      0.9948     0.9745
10110.400      0.9944     0.9745
10110.500      0.9924     0.9746
10110.600      0.9907     0.9747
10110.700      0.9902     0.9748
10110.800      0.9908     0.9749
10110.900      0.9899     0.9750
10111.000      0.9887     0.9751
10111.100      0.9899     0.9751
10111.200      0.9900     0.9752
10111.300      0.9883     0.9753
10111.400      0.9883     0.9753
10111.500      0.9887     0.9754
10111.600      0.9858     0.9754
10111.700      0.9805     0.9754
10111.800      0.9743     0.9752
10111.900      0.9725     0.9743
10112.000      0.9725     0.9710
10112.100      0.9706     0.9614
10112.200      0.9680     0.9405
10112.300      0.9652     0.9095
10112.400      0.9662     0.8809
10112.500      0.9687     0.8723
10112.600      0.9688     0.8899
10112.700      0.9658     0.9215
10112.800      0.9605     0.9497
10112.900      0.9606     0.9663
10113.000      0.9631     0.9733
10113.100      0.9618     0.9756
10113.200      0.9588     0.9763
10113.300      0.9552     0.9765
10113.400      0.9575     0.9766
10113.500      0.9627     0.9766
10113.600      0.9630     0.9764
10113.700      0.9631     0.9761
10113.800      0.9632     0.9757
10113.900      0.9658     0.9754
10114.000      0.9696     0.9750
10114.100      0.9704     0.9734
10114.200      0.9684     0.9669
10114.300      0.9648     0.9498
10114.400      0.9662     0.9184
10114.500      0.9703     0.8799
10114.600      0.9689     0.8537
10114.700      0.9669     0.8570
10114.800      0.9648     0.8875
10114.900      0.9655     0.9261
10115.000      0.9676     0.9551
10115.100      0.9696     0.9700
10115.200      0.9700     0.9756
10115.300      0.9665     0.9773
10115.400      0.9623     0.9777
10115.500      0.9574     0.9780
10115.600      0.9500     0.9782
10115.700      0.9454     0.9784
10115.800      0.9480     0.9786
10115.900      0.9492     0.9787
10116.000      0.9494     0.9788
10116.100      0.9494     0.9789
10116.200      0.9486     0.9790
10116.300      0.9461     0.9791
10116.400      0.9438     0.9792
10116.500      0.9418     0.9792
10116.600      0.9441     0.9793
10116.700      0.9457     0.9794
10116.800      0.9445     0.9795
10116.900      0.9435     0.9795
10117.000      0.9428     0.9796
10117.100      0.9477     0.9797
10117.200      0.9514     0.9797
10117.300      0.9504     0.9798
10117.400      0.9501     0.9798
10117.500      0.9504     0.9799
10117.600      0.9505     0.9799
10117.700      0.9496     0.9800
10117.800      0.9454     0.9799
10117.900      0.9381     0.9798
10118.000      0.9297     0.9795
10118.100      0.9289     0.9794
10118.200      0.9319     0.9793
10118.300      0.9367     0.9794
10118.400      0.9430     0.9794
10118.500      0.9499     0.9791
10118.600      0.9483     0.9786
10118.700      0.9457     0.9784
10118.800      0.9434     0.9786
10118.900      0.9429     0.9793
10119.000      0.9441     0.9800
10119.100      0.9457     0.9805
10119.200      0.9471     0.9808
10119.300      0.9474     0.9809
10119.400      0.9518     0.9810
10119.500      0.9594     0.9811
10119.600      0.9638     0.9811
10119.700      0.9664     0.9811
10119.800      0.9682     0.9811
10119.900      0.9709     0.9812
10120.000      0.9744     0.9813
10120.100      0.9756     0.9814
10120.200      0.9762     0.9815
10120.300      0.9768     0.9816
10120.400      0.9762     0.9817
10120.500      0.9748     0.9817
10120.600      0.9747     0.9818
10120.700      0.9756     0.9818
10120.800      0.9768     0.9819
10120.900      0.9773     0.9819
10121.000      0.9767     0.9820
10121.100      0.9759     0.9820
10121.200      0.9754     0.9821
10121.300      0.9760     0.9821
10121.400      0.9708     0.9822
10121.500      0.9597     0.9822
10121.600      0.9536     0.9823
10121.700      0.9531     0.9823
10121.800      0.9573     0.9823
10121.900      0.9656     0.9823
10122.000      0.9754     0.9824
10122.100      0.9828     0.9824
10122.200      0.9874     0.9824
10122.300      0.9895     0.9824
10122.400      0.9893     0.9822
10122.500      0.9883     0.9817
10122.600      0.9882     0.9811
10122.700      0.9891     0.9809
10122.800      0.9904     0.9810
10122.900      0.9912     0.9815
10123.000      0.9916     0.9817
10123.100      0.9941     0.9816
10123.200      0.9971     0.9806
10123.300      0.9988     0.9764
10123.400      1.0001     0.9630
10123.500      1.0014     0.9308
10123.600      1.0030     0.8743
10123.700      1.0045     0.8055
10123.800      1.0043     0.7530
10123.900      1.0022     0.7439
10124.000      0.9991     0.7831
10124.100      0.9978     0.8499
10124.200      0.9976     0.9134
10124.300      0.9976     0.9545
10124.400      0.9976     0.9737
10124.500      0.9976     0.9803
10124.600      0.9976     0.9822
10124.700      0.9980     0.9827
10124.800      1.0022     0.9828
10124.900      1.0059     0.9829
10125.000      1.0079     0.9831
10125.100      1.0075     0.9834
10125.200      1.0058     0.9837
10125.300      1.0036     0.9839
10125.400      1.0020     0.9840
10125.500      1.0025     0.9841
10125.600      1.0043     0.9842
10125.700      1.0060     0.9843
10125.800      1.0038     0.9843
10125.900      1.0023     0.9844
10126.000      1.0022     0.9845
10126.100      1.0023     0.9845
10126.200      1.0029     0.9846
10126.300      1.0070     0.9846
10126.400      1.0097     0.9847
10126.500      1.0079     0.9847
10126.600      1.0013     0.9848
10126.700      0.9938     0.9848
10126.800      0.9905     0.9849
10126.900      0.9898     0.9849
10127.000      0.9902     0.9850
10127.100      0.9873     0.9850
10127.200      0.9829     0.9850
10127.300      0.9783     0.9851
10127.400      0.9754     0.9851
10127.500      0.9756     0.9852
10127.600      0.9745     0.9851
10127.700      0.9728     0.9850
10127.800      0.9731     0.9842
10127.900      0.9756     0.9817
10128.000      0.9797     0.9761
10128.100      0.9813     0.9673
10128.200      0.9815     0.9590
10128.300      0.9859     0.9567
10128.400      0.9888     0.9621
10128.500      0.9886     0.9714
10128.600      0.9917     0.9792
10128.700      0.9965     0.9835
10128.800      0.9971     0.9851
10128.900      0.9988     0.9856
10129.000      1.0028     0.9858
10129.100      1.0067     0.9858
10129.200      1.0103     0.9858
10129.300      1.0110     0.9858
10129.400      1.0122     0.9858
10129.500      1.0143     0.9858
10129.600      1.0145     0.9859
10129.700      1.0135     0.9861
10129.800      1.0124     0.9861
10129.900      1.0111     0.9862
10130.000      1.0088     0.9863
10130.100      1.0058     0.9863
10130.200      1.0027     0.9863
10130.300      1.0099     0.9864
10130.400      1.0149     0.9864
10130.500      1.0123     0.9865
10130.600      1.0080     0.9865
10130.700      1.0034     0.9865
10130.800      1.0058     0.9866
10130.900      1.0079     0.9866
10131.000      1.0077     0.9866
10131.100      1.0080     0.9866
10131.200      1.0090     0.9867
10131.300      1.0102     0.9867
10131.400      1.0093     0.9867
10131.500      1.0023     0.9866
10131.600      1.0000     0.9863
10131.700      1.0010     0.9861
10131.800      0.9984     0.9861
10131.900      0.9966     0.9863
10132.000      0.9979     0.9867
10132.100      0.9984     0.9869
10132.200      0.9983     0.9870
10132.300      0.9994     0.9870
10132.400      1.0029     0.9869
10132.500      1.0089     0.9867
10132.600      1.0080     0.9866
10132.700      1.0020     0.9866
10132.800      1.0019     0.9868
10132.900      1.0024     0.9870
10133.000      1.0022     0.9872
10133.100      1.0008     0.9873
10133.200      0.9989     0.9874
10133.300      1.0004     0.9875
10133.400      1.0024     0.9875
10133.500      1.0045     0.9875
10133.600      1.0057     0.9876
10133.700      1.0050     0.9876
10133.800      1.0015     0.9877
10133.900      0.9984     0.9877
10134.000      0.9989     0.9877
10134.100      1.0011     0.9878
10134.200      1.0038     0.9878
10134.300      1.0022     0.9878
10134.400      0.9983     0.9879
10134.500      0.9934     0.9879
10134.600      0.9931     0.9879
10134.700      0.9971     0.9879
10134.800      1.0006     0.9880
10134.900      1.0030     0.9880
10135.000      1.0029     0.9880
10135.100      1.0006     0.9881
10135.200      0.9975     0.9881
10135.300      0.9968     0.9881
10135.400      0.9967     0.9882
10135.500      0.9968     0.9882
10135.600      0.9968     0.9882
10135.700      0.9964     0.9883
10135.800      0.9938     0.9883
10135.900      0.9915     0.9883
10136.000      0.9931     0.9884
10136.100      0.9953     0.9884
10136.200      0.9977     0.9884
10136.300      0.9935     0.9885
10136.400      0.9883     0.9885
10136.500      0.9876     0.9885
10136.600      0.9893     0.9885
10136.700      0.9919     0.9885
10136.800      0.9931     0.9884
10136.900      0.9931     0.9883
10137.000      0.9922     0.9882
10137.100      0.9916     0.9882
10137.200      0.9919     0.9884
10137.300      0.9939     0.9886
10137.400      0.9957     0.9887
10137.500      0.9944     0.9888
10137.600      0.9921     0.9889
10137.700      0.9895     0.9889
10137.800      0.9887     0.9889
10137.900      0.9895     0.9889
10138.000      0.9915     0.9890
10138.100      0.9946     0.9890
10138.200      0.9982     0.9890
10138.300      0.9993     0.9890
10138.400      0.9980     0.9890
10138.500      0.9949     0.9890
10138.600      0.9927     0.9890
10138.700      0.9929     0.9891
10138.800      0.9950     0.9891
10138.900      0.9974     0.9892
10139.000      0.9985     0.9892
10139.100      0.9979     0.9893
10139.200      0.9962     0.9893
10139.300      0.9979     0.9894
10139.400      1.0007     0.9894
10139.500      1.0026     0.9894
10139.600      1.0014     0.9894
10139.700      0.9972     0.9895
10139.800      0.9988     0.9895
10139.900      1.0021     0.9895
10140.000      1.0001     0.9895
10140.100      0.9994     0.9896
10140.200      1.0009     0.9896
10140.300      1.0008     0.9896
10140.400      1.0002     0.9897
10140.500      1.0002     0.9897
10140.600      1.0008     0.9897
10140.700      1.0020     0.9897
10140.800      1.0039     0.9897
10140.900      1.0059     0.9898
10141.000      1.0068     0.9898
10141.100      1.0067     0.9898
10141.200      1.0060     0.9897
10141.300      1.0076     0.9897
10141.400      1.0100     0.9898
10141.500      1.0115     0.9898
10141.600      1.0100     0.9899
10141.700      1.0051     0.9899
10141.800      1.0015     0.9900
10141.900      1.0009     0.9900
10142.000      1.0053     0.9901
10142.100      1.0127     0.9901
10142.200      1.0185     0.9901
10142.300      1.0244     0.9901
10142.400      1.0302     1.0000
10142.500      1.0361     1.0000
10142.600      1.0419     1.0000
10142.700      1.0478     1.0000
10142.800      1.0536     1.0000
10142.900      1.0595     1.0000
10143.000      1.0653     1.0000
