# t09572g430x+000m0                                           
# 1044110718.kgf                                              
# data\m53.fits                                               
# xmin,xmax,dshft,yshift,fz:  10302.50  10856.50   0.00000   0.00000   1.00000
# vw,rp,ifabs:   0.0    28300.   0
#                                                                     
# wave(A)   obs.spec.  the.spec.  overplot1  overplot2  overplot3  overplot4
10441.000      1.0256     1.0000
10441.100      1.0242     1.0000
10441.200      1.0229     1.0000
10441.300      1.0216     1.0000
10441.400      1.0202     1.0000
10441.500      1.0189     1.0000
10441.600      1.0175     1.0000
10441.700      1.0162     0.9993
10441.800      1.0148     0.9994
10441.900      1.0135     0.9995
10442.000      1.0122     0.9995
10442.100      1.0108     0.9995
10442.200      1.0095     0.9995
10442.300      1.0081     0.9995
10442.400      1.0068     0.9994
10442.500      1.0054     0.9993
10442.600      1.0041     0.9993
10442.700      1.0027     0.9993
10442.800      1.0014     0.9994
10442.900      1.0001     0.9994
10443.000      0.9987     0.9995
10443.100      0.9983     0.9995
10443.200      0.9986     0.9995
10443.300      0.9983     0.9995
10443.400      0.9972     0.9995
10443.500      0.9949     0.9995
10443.600      0.9933     0.9995
10443.700      0.9953     0.9995
10443.800      0.9993     0.9995
10443.900      1.0041     0.9995
10444.000      1.0070     0.9995
10444.100      1.0077     0.9995
10444.200      1.0059     0.9995
10444.300      1.0044     0.9995
10444.400      1.0049     0.9995
10444.500      1.0065     0.9995
10444.600      1.0086     0.9995
10444.700      1.0083     0.9995
10444.800      1.0065     0.9995
10444.900      1.0046     0.9995
10445.000      1.0028     0.9995
10445.100      1.0012     0.9995
10445.200      1.0011     0.9995
10445.300      1.0030     0.9995
10445.400      1.0035     0.9995
10445.500      1.0014     0.9994
10445.600      0.9969     0.9994
10445.700      0.9921     0.9994
10445.800      0.9911     0.9993
10445.900      0.9913     0.9990
10446.000      0.9924     0.9984
10446.100      0.9944     0.9972
10446.200      0.9967     0.9954
10446.300      0.9976     0.9936
10446.400      0.9980     0.9929
10446.500      1.0000     0.9937
10446.600      1.0015     0.9956
10446.700      1.0008     0.9973
10446.800      1.0004     0.9985
10446.900      1.0004     0.9990
10447.000      1.0001     0.9992
10447.100      0.9997     0.9993
10447.200      1.0013     0.9993
10447.300      1.0028     0.9993
10447.400      1.0029     0.9993
10447.500      1.0032     0.9992
10447.600      1.0044     0.9991
10447.700      1.0070     0.9991
10447.800      1.0102     0.9990
10447.900      1.0096     0.9987
10448.000      1.0065     0.9982
10448.100      1.0020     0.9972
10448.200      0.9975     0.9956
10448.300      0.9930     0.9937
10448.400      0.9870     0.9926
10448.500      0.9797     0.9931
10448.600      0.9812     0.9947
10448.700      0.9853     0.9966
10448.800      0.9854     0.9978
10448.900      0.9859     0.9984
10449.000      0.9889     0.9987
10449.100      0.9943     0.9989
10449.200      1.0006     0.9990
10449.300      1.0017     0.9991
10449.400      1.0004     0.9988
10449.500      0.9991     0.9974
10449.600      0.9988     0.9934
10449.700      1.0030     0.9859
10449.800      1.0056     0.9767
10449.900      1.0040     0.9706
10450.000      0.9993     0.9722
10450.100      0.9939     0.9801
10450.200      0.9937     0.9892
10450.300      0.9940     0.9954
10450.400      0.9923     0.9982
10450.500      0.9902     0.9991
10450.600      0.9879     0.9994
10450.700      0.9878     0.9994
10450.800      0.9910     0.9994
10450.900      0.9966     0.9994
10451.000      1.0022     0.9994
10451.100      1.0012     0.9994
10451.200      0.9971     0.9994
10451.300      0.9911     0.9994
10451.400      0.9891     0.9993
10451.500      0.9910     0.9993
10451.600      0.9924     0.9992
10451.700      0.9929     0.9992
10451.800      0.9912     0.9991
10451.900      0.9903     0.9991
10452.000      0.9929     0.9989
10452.100      0.9957     0.9988
10452.200      0.9985     0.9983
10452.300      1.0001     0.9973
10452.400      1.0010     0.9945
10452.500      1.0030     0.9886
10452.600      1.0052     0.9789
10452.700      1.0070     0.9679
10452.800      1.0066     0.9614
10452.900      1.0028     0.9636
10453.000      1.0037     0.9731
10453.100      1.0080     0.9841
10453.200      1.0036     0.9920
10453.300      0.9973     0.9962
10453.400      0.9953     0.9979
10453.500      0.9974     0.9986
10453.600      1.0025     0.9988
10453.700      1.0052     0.9988
10453.800      1.0044     0.9988
10453.900      1.0017     0.9987
10454.000      0.9988     0.9987
10454.100      1.0015     0.9988
10454.200      1.0042     0.9989
10454.300      1.0064     0.9990
10454.400      1.0052     0.9991
10454.500      1.0007     0.9990
10454.600      0.9976     0.9989
10454.700      0.9964     0.9988
10454.800      0.9970     0.9983
10454.900      0.9984     0.9965
10455.000      1.0002     0.9897
10455.100      1.0020     0.9702
10455.200      1.0033     0.9302
10455.300      1.0020     0.8755
10455.400      0.9991     0.8339
10455.500      0.9983     0.8343
10455.600      0.9996     0.8764
10455.700      1.0029     0.9308
10455.800      1.0058     0.9703
10455.900      1.0071     0.9894
10456.000      1.0064     0.9960
10456.100      1.0049     0.9978
10456.200      1.0050     0.9979
10456.300      1.0062     0.9961
10456.400      1.0080     0.9895
10456.500      1.0088     0.9743
10456.600      1.0062     0.9512
10456.700      1.0039     0.9316
10456.800      1.0027     0.9302
10456.900      1.0045     0.9481
10457.000      1.0071     0.9718
10457.100      1.0067     0.9885
10457.200      1.0051     0.9961
10457.300      1.0029     0.9985
10457.400      1.0018     0.9991
10457.500      1.0022     0.9993
10457.600      1.0016     0.9993
10457.700      1.0003     0.9993
10457.800      1.0014     0.9993
10457.900      1.0025     0.9993
10458.000      1.0013     0.9992
10458.100      1.0007     0.9992
10458.200      1.0012     0.9992
10458.300      1.0006     0.9992
10458.400      0.9974     0.9992
10458.500      0.9897     0.9992
10458.600      0.9813     0.9991
10458.700      0.9764     0.9990
10458.800      0.9737     0.9984
10458.900      0.9724     0.9961
10459.000      0.9703     0.9878
10459.100      0.9675     0.9662
10459.200      0.9646     0.9272
10459.300      0.9618     0.8832
10459.400      0.9663     0.8615
10459.500      0.9702     0.8788
10459.600      0.9699     0.9217
10459.700      0.9674     0.9623
10459.800      0.9642     0.9860
10459.900      0.9621     0.9953
10460.000      0.9607     0.9979
10460.100      0.9588     0.9982
10460.200      0.9574     0.9978
10460.300      0.9605     0.9968
10460.400      0.9661     0.9955
10460.500      0.9730     0.9946
10460.600      0.9788     0.9946
10460.700      0.9831     0.9957
10460.800      0.9869     0.9971
10460.900      0.9895     0.9981
10461.000      0.9898     0.9987
10461.100      0.9886     0.9990
10461.200      0.9865     0.9992
10461.300      0.9868     0.9993
10461.400      0.9901     0.9993
10461.500      0.9947     0.9994
10461.600      0.9995     0.9994
10461.700      0.9992     0.9994
10461.800      0.9993     0.9994
10461.900      1.0003     0.9994
10462.000      1.0000     0.9995
10462.100      0.9982     0.9995
10462.200      0.9967     0.9995
10462.300      0.9952     0.9995
10462.400      0.9928     0.9995
10462.500      0.9887     0.9994
10462.600      0.9823     0.9992
10462.700      0.9767     0.9984
10462.800      0.9736     0.9970
10462.900      0.9735     0.9954
10463.000      0.9744     0.9948
10463.100      0.9738     0.9957
10463.200      0.9730     0.9974
10463.300      0.9725     0.9987
10463.400      0.9731     0.9993
10463.500      0.9751     0.9995
10463.600      0.9757     0.9995
10463.700      0.9752     0.9995
10463.800      0.9772     0.9995
10463.900      0.9797     0.9993
10464.000      0.9808     0.9990
10464.100      0.9797     0.9984
10464.200      0.9760     0.9977
10464.300      0.9774     0.9973
10464.400      0.9840     0.9976
10464.500      0.9908     0.9983
10464.600      0.9976     0.9989
10464.700      0.9983     0.9993
10464.800      0.9981     0.9995
10464.900      0.9975     0.9995
10465.000      0.9981     0.9995
10465.100      1.0003     0.9995
10465.200      1.0018     0.9995
10465.300      1.0021     0.9995
10465.400      0.9999     0.9995
10465.500      0.9975     0.9995
10465.600      0.9962     0.9995
10465.700      0.9970     0.9995
10465.800      0.9998     0.9995
10465.900      1.0023     0.9995
10466.000      1.0039     0.9995
10466.100      1.0023     0.9995
10466.200      1.0003     0.9995
10466.300      1.0035     0.9995
10466.400      1.0058     0.9995
10466.500      1.0050     0.9995
10466.600      1.0030     0.9995
10466.700      1.0006     0.9995
10466.800      0.9992     0.9995
10466.900      0.9986     0.9995
10467.000      0.9985     0.9995
10467.100      0.9985     0.9995
10467.200      0.9987     0.9995
10467.300      1.0001     0.9995
10467.400      1.0024     0.9994
10467.500      1.0043     0.9994
10467.600      1.0049     0.9994
10467.700      1.0026     0.9994
10467.800      1.0004     0.9995
10467.900      0.9999     0.9995
10468.000      1.0002     0.9995
10468.100      1.0009     0.9995
10468.200      0.9998     0.9994
10468.300      0.9976     0.9994
10468.400      0.9973     0.9993
10468.500      0.9969     0.9992
10468.600      0.9926     0.9987
10468.700      0.9910     0.9979
10468.800      0.9950     0.9971
10468.900      0.9933     0.9969
10469.000      0.9868     0.9975
10469.100      0.9824     0.9984
10469.200      0.9816     0.9989
10469.300      0.9884     0.9987
10469.400      0.9951     0.9975
10469.500      1.0009     0.9956
10469.600      1.0036     0.9939
10469.700      1.0027     0.9937
10469.800      1.0006     0.9947
10469.900      0.9982     0.9959
10470.000      0.9967     0.9965
10470.100      0.9952     0.9970
10470.200      0.9939     0.9975
10470.300      0.9935     0.9978
10470.400      0.9954     0.9972
10470.500      0.9982     0.9949
10470.600      1.0013     0.9893
10470.700      1.0012     0.9785
10470.800      1.0009     0.9636
10470.900      1.0005     0.9505
10471.000      0.9996     0.9471
10471.100      0.9976     0.9558
10471.200      0.9974     0.9707
10471.300      0.9984     0.9842
10471.400      0.9986     0.9924
10471.500      0.9986     0.9962
10471.600      1.0010     0.9976
10471.700      1.0027     0.9978
10471.800      1.0025     0.9973
10471.900      1.0033     0.9964
10472.000      1.0051     0.9958
10472.100      1.0055     0.9959
10472.200      1.0040     0.9967
10472.300      1.0005     0.9977
10472.400      0.9978     0.9986
10472.500      0.9979     0.9990
10472.600      0.9977     0.9992
10472.700      0.9966     0.9993
10472.800      0.9950     0.9994
10472.900      0.9933     0.9994
10473.000      0.9941     0.9994
10473.100      0.9969     0.9994
10473.200      1.0016     0.9994
10473.300      1.0041     0.9994
10473.400      1.0030     0.9994
10473.500      1.0021     0.9994
10473.600      1.0018     0.9994
10473.700      1.0029     0.9994
10473.800      1.0038     0.9994
10473.900      0.9997     0.9994
10474.000      0.9974     0.9993
10474.100      0.9991     0.9992
10474.200      1.0008     0.9987
10474.300      1.0024     0.9978
10474.400      1.0033     0.9961
10474.500      1.0033     0.9940
10474.600      1.0023     0.9926
10474.700      0.9996     0.9927
10474.800      0.9953     0.9943
10474.900      0.9930     0.9964
10475.000      0.9946     0.9980
10475.100      0.9990     0.9988
10475.200      1.0038     0.9992
10475.300      1.0027     0.9993
10475.400      1.0013     0.9992
10475.500      1.0001     0.9992
10475.600      1.0001     0.9992
10475.700      1.0012     0.9992
10475.800      1.0005     0.9993
10475.900      0.9987     0.9994
10476.000      0.9981     0.9995
10476.100      0.9976     0.9995
10476.200      0.9959     0.9995
10476.300      0.9949     0.9995
10476.400      0.9958     0.9995
10476.500      0.9979     0.9995
10476.600      1.0003     0.9995
10476.700      1.0020     0.9995
10476.800      1.0037     0.9995
10476.900      1.0065     0.9995
10477.000      1.0081     0.9995
10477.100      1.0059     0.9995
10477.200      1.0025     0.9995
10477.300      0.9990     0.9995
10477.400      0.9991     0.9995
10477.500      1.0006     0.9995
10477.600      0.9998     0.9995
10477.700      0.9989     0.9995
10477.800      0.9980     0.9994
10477.900      0.9995     0.9993
10478.000      1.0038     0.9992
10478.100      1.0064     0.9993
10478.200      1.0063     0.9993
10478.300      1.0034     0.9994
10478.400      1.0007     0.9995
10478.500      1.0003     0.9995
10478.600      0.9999     0.9995
10478.700      0.9995     0.9995
10478.800      0.9975     0.9995
10478.900      0.9945     0.9995
10479.000      0.9938     0.9995
10479.100      0.9944     0.9995
10479.200      0.9954     0.9995
10479.300      0.9971     0.9995
10479.400      0.9993     0.9995
10479.500      1.0009     0.9995
10479.600      1.0010     0.9995
10479.700      0.9980     0.9995
10479.800      0.9943     0.9995
10479.900      0.9939     0.9995
10480.000      0.9965     0.9994
10480.100      1.0017     0.9994
10480.200      1.0042     0.9994
10480.300      1.0029     0.9995
10480.400      1.0011     0.9994
10480.500      0.9992     0.9994
10480.600      1.0054     0.9991
10480.700      1.0115     0.9985
10480.800      1.0123     0.9974
10480.900      1.0085     0.9962
10481.000      1.0022     0.9954
10481.100      0.9981     0.9957
10481.200      0.9966     0.9968
10481.300      0.9968     0.9980
10481.400      0.9971     0.9988
10481.500      0.9967     0.9992
10481.600      0.9973     0.9994
10481.700      1.0003     0.9995
10481.800      1.0025     0.9995
10481.900      1.0029     0.9995
10482.000      1.0009     0.9995
10482.100      0.9985     0.9995
10482.200      0.9996     0.9995
10482.300      1.0009     0.9995
10482.400      1.0023     0.9995
10482.500      1.0017     0.9995
10482.600      0.9990     0.9994
10482.700      0.9964     0.9992
10482.800      0.9939     0.9991
10482.900      0.9952     0.9991
10483.000      0.9982     0.9992
10483.100      1.0021     0.9993
10483.200      1.0038     0.9994
10483.300      1.0025     0.9995
10483.400      1.0030     0.9995
10483.500      1.0045     0.9995
10483.600      1.0009     0.9995
10483.700      0.9961     0.9995
10483.800      0.9912     0.9995
10483.900      0.9893     0.9995
10484.000      0.9931     0.9995
10484.100      0.9966     0.9995
10484.200      0.9991     0.9995
10484.300      0.9995     0.9995
10484.400      0.9984     0.9995
10484.500      0.9964     0.9995
10484.600      0.9942     0.9995
10484.700      0.9919     0.9995
10484.800      0.9921     0.9995
10484.900      0.9945     0.9995
10485.000      0.9963     0.9995
10485.100      0.9969     0.9995
10485.200      0.9945     0.9994
10485.300      0.9932     0.9994
10485.400      0.9956     0.9994
10485.500      0.9975     0.9993
10485.600      0.9979     0.9991
10485.700      0.9961     0.9986
10485.800      0.9937     0.9979
10485.900      0.9953     0.9969
10486.000      0.9969     0.9957
10486.100      0.9962     0.9933
10486.200      0.9972     0.9894
10486.300      1.0011     0.9848
10486.400      1.0007     0.9823
10486.500      0.9975     0.9836
10486.600      0.9954     0.9881
10486.700      0.9958     0.9930
10486.800      1.0020     0.9964
10486.900      1.0054     0.9982
10487.000      1.0026     0.9989
10487.100      0.9993     0.9992
10487.200      0.9960     0.9993
10487.300      0.9987     0.9994
10487.400      1.0031     0.9994
10487.500      1.0058     0.9994
10487.600      1.0062     0.9994
10487.700      1.0043     0.9995
10487.800      1.0033     0.9995
10487.900      1.0031     0.9995
10488.000      1.0027     0.9994
10488.100      1.0018     0.9991
10488.200      1.0005     0.9985
10488.300      0.9993     0.9973
10488.400      0.9991     0.9962
10488.500      0.9984     0.9960
10488.600      0.9971     0.9969
10488.700      0.9983     0.9981
10488.800      1.0010     0.9990
10488.900      0.9973     0.9994
10489.000      0.9928     0.9995
10489.100      0.9910     0.9995
10489.200      0.9920     0.9995
10489.300      0.9952     0.9995
10489.400      0.9979     0.9994
10489.500      0.9998     0.9994
10489.600      1.0006     0.9993
10489.700      1.0013     0.9990
10489.800      1.0036     0.9985
10489.900      1.0046     0.9973
10490.000      1.0022     0.9956
10490.100      1.0004     0.9940
10490.200      1.0001     0.9935
10490.300      1.0025     0.9945
10490.400      1.0057     0.9961
10490.500      1.0032     0.9975
10490.600      1.0005     0.9976
10490.700      0.9982     0.9960
10490.800      0.9986     0.9931
10490.900      1.0021     0.9908
10491.000      1.0021     0.9911
10491.100      0.9984     0.9937
10491.200      0.9922     0.9967
10491.300      0.9876     0.9986
10491.400      0.9931     0.9993
10491.500      0.9987     0.9995
10491.600      1.0043     0.9995
10491.700      1.0069     0.9995
10491.800      1.0062     0.9995
10491.900      1.0042     0.9995
10492.000      1.0023     0.9995
10492.100      1.0029     0.9995
10492.200      1.0035     0.9995
10492.300      1.0039     0.9995
10492.400      1.0032     0.9995
10492.500      1.0018     0.9995
10492.600      1.0011     0.9995
10492.700      1.0006     0.9995
10492.800      1.0001     0.9995
10492.900      0.9993     0.9995
10493.000      0.9980     0.9995
10493.100      0.9978     0.9995
10493.200      0.9987     0.9995
10493.300      0.9976     0.9995
10493.400      0.9952     0.9995
10493.500      0.9926     0.9995
10493.600      0.9909     0.9995
10493.700      0.9943     0.9995
10493.800      0.9969     0.9995
10493.900      0.9975     0.9995
10494.000      0.9964     0.9995
10494.100      0.9949     0.9995
10494.200      0.9953     0.9995
10494.300      0.9958     0.9995
10494.400      0.9954     0.9995
10494.500      0.9950     0.9995
10494.600      0.9946     0.9995
10494.700      0.9946     0.9995
10494.800      0.9951     0.9995
10494.900      0.9952     0.9995
10495.000      0.9946     0.9995
10495.100      0.9911     0.9995
10495.200      0.9877     0.9995
10495.300      0.9861     0.9995
10495.400      0.9888     0.9995
10495.500      0.9945     0.9995
10495.600      0.9995     0.9995
10495.700      1.0032     0.9995
10495.800      1.0038     0.9995
10495.900      1.0032     0.9995
10496.000      1.0019     0.9995
10496.100      1.0016     0.9995
10496.200      1.0027     0.9995
10496.300      1.0035     0.9995
10496.400      1.0036     0.9995
10496.500      0.9990     0.9995
10496.600      0.9942     0.9995
10496.700      0.9921     0.9995
10496.800      0.9931     0.9995
10496.900      0.9962     0.9995
10497.000      0.9974     0.9995
10497.100      0.9973     0.9995
10497.200      0.9975     0.9995
10497.300      0.9982     0.9995
10497.400      0.9996     0.9995
10497.500      1.0025     0.9995
10497.600      1.0073     0.9995
10497.700      1.0093     0.9995
10497.800      1.0072     0.9995
10497.900      1.0032     0.9995
10498.000      0.9989     0.9995
10498.100      0.9985     0.9995
10498.200      0.9980     0.9995
10498.300      0.9969     0.9995
10498.400      0.9977     0.9995
10498.500      1.0009     0.9994
10498.600      1.0009     0.9994
10498.700      0.9995     0.9995
10498.800      0.9990     0.9995
10498.900      0.9985     0.9995
10499.000      0.9973     0.9994
10499.100      0.9951     0.9994
10499.200      0.9923     0.9993
10499.300      0.9925     0.9992
10499.400      0.9946     0.9992
10499.500      0.9963     0.9993
10499.600      0.9977     0.9993
10499.700      0.9988     0.9992
10499.800      1.0000     0.9985
10499.900      1.0015     0.9964
10500.000      1.0017     0.9922
10500.100      1.0009     0.9862
10500.200      1.0010     0.9810
10500.300      1.0012     0.9802
10500.400      0.9999     0.9844
10500.500      0.9990     0.9906
10500.600      0.9996     0.9955
10500.700      0.9989     0.9980
10500.800      0.9967     0.9990
10500.900      0.9958     0.9991
10501.000      0.9963     0.9985
10501.100      0.9982     0.9956
10501.200      1.0000     0.9871
10501.300      1.0016     0.9707
10501.400      1.0017     0.9515
10501.500      1.0003     0.9423
10501.600      0.9998     0.9498
10501.700      1.0007     0.9653
10501.800      1.0031     0.9757
10501.900      1.0049     0.9778
10502.000      1.0014     0.9769
10502.100      0.9979     0.9786
10502.200      0.9943     0.9839
10502.300      0.9924     0.9901
10502.400      0.9919     0.9948
10502.500      0.9915     0.9974
10502.600      0.9914     0.9985
10502.700      0.9944     0.9990
10502.800      0.9973     0.9992
10502.900      0.9994     0.9993
10503.000      1.0000     0.9993
10503.100      0.9998     0.9994
10503.200      0.9997     0.9994
10503.300      0.9997     0.9994
10503.400      0.9995     0.9994
10503.500      0.9993     0.9994
10503.600      0.9993     0.9995
10503.700      0.9988     0.9995
10503.800      0.9976     0.9994
10503.900      0.9968     0.9994
10504.000      0.9963     0.9993
10504.100      0.9945     0.9992
10504.200      0.9929     0.9992
10504.300      0.9930     0.9993
10504.400      0.9922     0.9994
10504.500      0.9896     0.9994
10504.600      0.9882     0.9995
10504.700      0.9878     0.9995
10504.800      0.9873     0.9995
10504.900      0.9867     0.9995
10505.000      0.9833     0.9995
10505.100      0.9811     0.9995
10505.200      0.9822     0.9995
10505.300      0.9843     0.9995
10505.400      0.9867     0.9995
10505.500      0.9865     0.9995
10505.600      0.9856     0.9995
10505.700      0.9862     0.9995
10505.800      0.9874     0.9994
10505.900      0.9890     0.9994
10506.000      0.9901     0.9994
10506.100      0.9907     0.9994
10506.200      0.9913     0.9993
10506.300      0.9919     0.9992
10506.400      0.9934     0.9989
10506.500      0.9958     0.9976
10506.600      0.9988     0.9937
10506.700      0.9994     0.9847
10506.800      0.9965     0.9701
10506.900      0.9956     0.9553
10507.000      0.9970     0.9490
10507.100      0.9999     0.9560
10507.200      1.0024     0.9711
10507.300      1.0015     0.9854
10507.400      1.0007     0.9939
10507.500      1.0002     0.9974
10507.600      0.9998     0.9984
10507.700      0.9993     0.9987
10507.800      0.9982     0.9989
10507.900      0.9971     0.9991
10508.000      0.9996     0.9993
10508.100      1.0021     0.9993
10508.200      1.0042     0.9994
10508.300      1.0036     0.9993
10508.400      1.0007     0.9992
10508.500      1.0002     0.9992
10508.600      1.0012     0.9991
10508.700      1.0027     0.9991
10508.800      1.0039     0.9991
10508.900      1.0033     0.9991
10509.000      1.0029     0.9990
10509.100      1.0028     0.9989
10509.200      1.0011     0.9987
10509.300      0.9987     0.9980
10509.400      0.9976     0.9963
10509.500      0.9978     0.9924
10509.600      0.9991     0.9852
10509.700      1.0002     0.9758
10509.800      1.0001     0.9685
10509.900      0.9977     0.9678
10510.000      0.9932     0.9743
10510.100      0.9873     0.9837
10510.200      0.9823     0.9914
10510.300      0.9907     0.9959
10510.400      0.9979     0.9979
10510.500      1.0006     0.9986
10510.600      1.0006     0.9990
10510.700      0.9996     0.9991
10510.800      0.9994     0.9992
10510.900      0.9994     0.9993
10511.000      0.9977     0.9993
10511.100      0.9963     0.9993
10511.200      0.9964     0.9992
10511.300      0.9975     0.9990
10511.400      0.9990     0.9985
10511.500      0.9986     0.9979
10511.600      0.9972     0.9978
10511.700      0.9974     0.9981
10511.800      0.9980     0.9986
10511.900      0.9987     0.9991
10512.000      0.9988     0.9993
10512.100      0.9982     0.9994
10512.200      0.9979     0.9994
10512.300      0.9977     0.9994
10512.400      0.9971     0.9994
10512.500      0.9966     0.9994
10512.600      0.9970     0.9993
10512.700      0.9973     0.9993
10512.800      0.9968     0.9991
10512.900      0.9951     0.9985
10513.000      0.9929     0.9967
10513.100      0.9927     0.9924
10513.200      0.9930     0.9851
10513.300      0.9923     0.9767
10513.400      0.9917     0.9714
10513.500      0.9919     0.9711
10513.600      0.9927     0.9734
10513.700      0.9944     0.9753
10513.800      0.9980     0.9771
10513.900      1.0020     0.9809
10514.000      1.0025     0.9867
10514.100      1.0015     0.9923
10514.200      0.9998     0.9961
10514.300      0.9990     0.9980
10514.400      0.9993     0.9988
10514.500      0.9996     0.9991
10514.600      1.0000     0.9992
10514.700      0.9990     0.9993
10514.800      0.9970     0.9993
10514.900      0.9943     0.9993
10515.000      0.9930     0.9994
10515.100      0.9941     0.9994
10515.200      0.9942     0.9994
10515.300      0.9928     0.9994
10515.400      0.9906     0.9994
10515.500      0.9885     0.9994
10515.600      0.9897     0.9994
10515.700      0.9920     0.9994
10515.800      0.9948     0.9994
10515.900      0.9979     0.9994
10516.000      1.0011     0.9993
10516.100      1.0026     0.9993
10516.200      1.0023     0.9993
10516.300      1.0000     0.9993
10516.400      0.9982     0.9993
10516.500      0.9982     0.9993
10516.600      0.9981     0.9992
10516.700      0.9977     0.9992
10516.800      0.9982     0.9991
10516.900      0.9992     0.9989
10517.000      0.9973     0.9986
10517.100      0.9956     0.9979
10517.200      0.9962     0.9966
10517.300      0.9968     0.9945
10517.400      0.9967     0.9923
10517.500      0.9953     0.9911
10517.600      0.9934     0.9918
10517.700      0.9943     0.9939
10517.800      0.9956     0.9961
10517.900      0.9947     0.9975
10518.000      0.9947     0.9982
10518.100      0.9964     0.9983
10518.200      0.9975     0.9982
10518.300      0.9979     0.9982
10518.400      0.9991     0.9983
10518.500      1.0006     0.9986
10518.600      1.0006     0.9989
10518.700      0.9997     0.9991
10518.800      0.9982     0.9992
10518.900      0.9978     0.9992
10519.000      0.9995     0.9993
10519.100      1.0021     0.9993
10519.200      1.0049     0.9993
10519.300      1.0059     0.9993
10519.400      1.0064     0.9993
10519.500      1.0068     0.9993
10519.600      1.0063     0.9992
10519.700      1.0048     0.9992
10519.800      1.0022     0.9991
10519.900      0.9993     0.9990
10520.000      1.0007     0.9986
10520.100      1.0027     0.9972
10520.200      1.0044     0.9931
10520.300      1.0044     0.9842
10520.400      1.0017     0.9711
10520.500      1.0010     0.9593
10520.600      1.0020     0.9562
10520.700      1.0029     0.9640
10520.800      1.0038     0.9769
10520.900      1.0051     0.9870
10521.000      1.0061     0.9906
10521.100      1.0065     0.9866
10521.200      1.0073     0.9747
10521.300      1.0085     0.9563
10521.400      1.0076     0.9382
10521.500      1.0059     0.9303
10521.600      1.0045     0.9378
10521.700      1.0028     0.9558
10521.800      0.9999     0.9743
10521.900      0.9971     0.9872
10522.000      0.9948     0.9938
10522.100      0.9968     0.9967
10522.200      1.0006     0.9978
10522.300      1.0011     0.9984
10522.400      0.9988     0.9987
10522.500      0.9942     0.9988
10522.600      0.9908     0.9990
10522.700      0.9914     0.9991
10522.800      0.9962     0.9991
10522.900      1.0023     0.9992
10523.000      1.0034     0.9992
10523.100      1.0012     0.9993
10523.200      0.9974     0.9993
10523.300      0.9952     0.9993
10523.400      0.9968     0.9993
10523.500      0.9981     0.9994
10523.600      0.9988     0.9994
10523.700      0.9981     0.9994
10523.800      0.9973     0.9994
10523.900      0.9982     0.9994
10524.000      0.9987     0.9994
10524.100      0.9975     0.9994
10524.200      0.9954     0.9994
10524.300      0.9931     0.9994
10524.400      0.9926     0.9994
10524.500      0.9927     0.9994
10524.600      0.9895     0.9994
10524.700      0.9862     0.9993
10524.800      0.9854     0.9989
10524.900      0.9889     0.9980
10525.000      0.9960     0.9967
10525.100      0.9986     0.9956
10525.200      0.9972     0.9958
10525.300      0.9942     0.9969
10525.400      0.9913     0.9982
10525.500      0.9902     0.9990
10525.600      0.9900     0.9994
10525.700      0.9902     0.9994
10525.800      0.9899     0.9995
10525.900      0.9893     0.9995
10526.000      0.9899     0.9995
10526.100      0.9907     0.9995
10526.200      0.9909     0.9995
10526.300      0.9899     0.9995
10526.400      0.9876     0.9995
10526.500      0.9866     0.9995
10526.600      0.9887     0.9995
10526.700      0.9936     0.9995
10526.800      0.9990     0.9995
10526.900      1.0028     0.9995
10527.000      1.0033     0.9995
10527.100      0.9988     0.9995
10527.200      0.9947     0.9995
10527.300      0.9922     0.9994
10527.400      0.9944     0.9994
10527.500      0.9984     0.9994
10527.600      1.0019     0.9994
10527.700      1.0039     0.9994
10527.800      1.0016     0.9994
10527.900      0.9997     0.9994
10528.000      0.9992     0.9994
10528.100      0.9998     0.9994
10528.200      1.0009     0.9994
10528.300      0.9987     0.9994
10528.400      0.9959     0.9994
10528.500      0.9946     0.9994
10528.600      0.9932     0.9995
10528.700      0.9919     0.9995
10528.800      0.9916     0.9995
10528.900      0.9935     0.9995
10529.000      0.9971     0.9995
10529.100      1.0009     0.9993
10529.200      0.9995     0.9988
10529.300      0.9984     0.9977
10529.400      0.9988     0.9963
10529.500      1.0006     0.9954
10529.600      1.0029     0.9958
10529.700      1.0007     0.9971
10529.800      0.9965     0.9984
10529.900      0.9969     0.9991
10530.000      0.9985     0.9994
10530.100      1.0005     0.9995
10530.200      1.0008     0.9994
10530.300      0.9984     0.9993
10530.400      0.9997     0.9990
10530.500      1.0033     0.9989
10530.600      1.0036     0.9989
10530.700      1.0032     0.9991
10530.800      1.0029     0.9993
10530.900      1.0010     0.9994
10531.000      0.9961     0.9995
10531.100      0.9914     0.9995
10531.200      0.9876     0.9995
10531.300      0.9905     0.9995
10531.400      0.9952     0.9995
10531.500      0.9995     0.9995
10531.600      1.0018     0.9995
10531.700      0.9994     0.9995
10531.800      0.9974     0.9994
10531.900      0.9963     0.9992
10532.000      0.9968     0.9985
10532.100      0.9977     0.9976
10532.200      0.9970     0.9969
10532.300      0.9964     0.9971
10532.400      0.9966     0.9978
10532.500      0.9967     0.9987
10532.600      0.9960     0.9991
10532.700      0.9916     0.9993
10532.800      0.9855     0.9994
10532.900      0.9804     0.9994
10533.000      0.9774     0.9995
10533.100      0.9805     0.9995
10533.200      0.9855     0.9994
10533.300      0.9910     0.9990
10533.400      0.9954     0.9982
10533.500      0.9968     0.9967
10533.600      0.9921     0.9947
10533.700      0.9864     0.9931
10533.800      0.9827     0.9930
10533.900      0.9827     0.9944
10534.000      0.9870     0.9965
10534.100      0.9911     0.9981
10534.200      0.9940     0.9990
10534.300      0.9910     0.9993
10534.400      0.9863     0.9994
10534.500      0.9845     0.9995
10534.600      0.9850     0.9995
10534.700      0.9874     0.9995
10534.800      0.9880     0.9995
10534.900      0.9867     0.9995
10535.000      0.9868     0.9995
10535.100      0.9876     0.9995
10535.200      0.9881     0.9995
10535.300      0.9889     0.9994
10535.400      0.9918     0.9993
10535.500      0.9940     0.9990
10535.600      0.9939     0.9986
10535.700      0.9923     0.9984
10535.800      0.9902     0.9985
10535.900      0.9890     0.9988
10536.000      0.9879     0.9991
10536.100      0.9855     0.9993
10536.200      0.9831     0.9994
10536.300      0.9807     0.9995
10536.400      0.9794     0.9995
10536.500      0.9803     0.9995
10536.600      0.9836     0.9995
10536.700      0.9874     0.9995
10536.800      0.9869     0.9995
10536.900      0.9861     0.9995
10537.000      0.9852     0.9995
10537.100      0.9854     0.9995
10537.200      0.9870     0.9995
10537.300      0.9869     0.9995
10537.400      0.9862     0.9995
10537.500      0.9873     0.9995
10537.600      0.9884     0.9995
10537.700      0.9881     0.9995
10537.800      0.9865     0.9995
10537.900      0.9843     0.9994
10538.000      0.9845     0.9994
10538.100      0.9862     0.9994
10538.200      0.9861     0.9994
10538.300      0.9857     0.9994
10538.400      0.9857     0.9994
10538.500      0.9865     0.9993
10538.600      0.9885     0.9993
10538.700      0.9900     0.9992
10538.800      0.9912     0.9991
10538.900      0.9932     0.9988
10539.000      0.9954     0.9978
10539.100      0.9941     0.9942
10539.200      0.9932     0.9846
10539.300      0.9939     0.9648
10539.400      0.9952     0.9367
10539.500      0.9966     0.9119
10539.600      0.9945     0.9059
10539.700      0.9911     0.9229
10539.800      0.9896     0.9514
10539.900      0.9889     0.9762
10540.000      0.9888     0.9906
10540.100      0.9882     0.9966
10540.200      0.9870     0.9985
10540.300      0.9867     0.9990
10540.400      0.9870     0.9992
10540.500      0.9870     0.9992
10540.600      0.9873     0.9991
10540.700      0.9891     0.9985
10540.800      0.9891     0.9958
10540.900      0.9860     0.9886
10541.000      0.9869     0.9746
10541.100      0.9905     0.9568
10541.200      0.9930     0.9443
10541.300      0.9934     0.9457
10541.400      0.9904     0.9600
10541.500      0.9876     0.9776
10541.600      0.9865     0.9904
10541.700      0.9867     0.9966
10541.800      0.9875     0.9988
10541.900      0.9882     0.9993
10542.000      0.9889     0.9994
10542.100      0.9890     0.9995
10542.200      0.9882     0.9995
10542.300      0.9865     0.9995
10542.400      0.9843     0.9995
10542.500      0.9820     0.9995
10542.600      0.9804     0.9995
10542.700      0.9799     0.9995
10542.800      0.9804     0.9995
10542.900      0.9808     0.9995
10543.000      0.9798     0.9995
10543.100      0.9790     0.9995
10543.200      0.9786     0.9995
10543.300      0.9783     0.9995
10543.400      0.9780     0.9995
10543.500      0.9733     0.9995
10543.600      0.9680     0.9995
10543.700      0.9672     0.9995
10543.800      0.9684     0.9995
10543.900      0.9705     0.9995
10544.000      0.9721     0.9995
10544.100      0.9734     0.9995
10544.200      0.9779     0.9995
10544.300      0.9831     0.9995
10544.400      0.9839     0.9995
10544.500      0.9837     0.9995
10544.600      0.9829     0.9995
10544.700      0.9829     0.9995
10544.800      0.9837     0.9995
10544.900      0.9843     0.9995
10545.000      0.9849     0.9995
10545.100      0.9864     0.9995
10545.200      0.9883     0.9995
10545.300      0.9906     0.9995
10545.400      0.9926     0.9994
10545.500      0.9939     0.9994
10545.600      0.9947     0.9995
10545.700      0.9950     0.9994
10545.800      0.9947     0.9994
10545.900      0.9943     0.9990
10546.000      0.9945     0.9977
10546.100      0.9941     0.9945
10546.200      0.9928     0.9897
10546.300      0.9915     0.9858
10546.400      0.9903     0.9859
10546.500      0.9893     0.9899
10546.600      0.9887     0.9947
10546.700      0.9915     0.9977
10546.800      0.9933     0.9990
10546.900      0.9924     0.9994
10547.000      0.9929     0.9995
10547.100      0.9954     0.9995
10547.200      0.9986     0.9994
10547.300      1.0019     0.9993
10547.400      1.0024     0.9993
10547.500      0.9997     0.9992
10547.600      0.9941     0.9993
10547.700      0.9909     0.9994
10547.800      0.9926     0.9994
10547.900      0.9969     0.9995
10548.000      1.0017     0.9995
10548.100      1.0027     0.9995
10548.200      1.0024     0.9995
10548.300      1.0016     0.9994
10548.400      1.0010     0.9994
10548.500      1.0009     0.9994
10548.600      1.0011     0.9994
10548.700      1.0013     0.9994
10548.800      1.0007     0.9994
10548.900      1.0000     0.9993
10549.000      1.0008     0.9991
10549.100      1.0016     0.9984
10549.200      1.0019     0.9960
10549.300      1.0000     0.9897
10549.400      0.9966     0.9778
10549.500      0.9985     0.9626
10549.600      1.0022     0.9520
10549.700      1.0059     0.9533
10549.800      1.0070     0.9656
10549.900      0.9995     0.9806
10550.000      0.9962     0.9914
10550.100      0.9979     0.9967
10550.200      0.9988     0.9986
10550.300      0.9994     0.9992
10550.400      0.9999     0.9993
10550.500      1.0005     0.9994
10550.600      1.0013     0.9994
10550.700      1.0001     0.9994
10550.800      0.9960     0.9994
10550.900      0.9926     0.9994
10551.000      0.9899     0.9995
10551.100      0.9876     0.9995
10551.200      0.9861     0.9995
10551.300      0.9880     0.9995
10551.400      0.9913     0.9995
10551.500      0.9951     0.9995
10551.600      0.9974     0.9995
10551.700      0.9987     0.9995
10551.800      1.0008     0.9995
10551.900      1.0031     0.9995
10552.000      1.0031     0.9995
10552.100      1.0026     0.9995
10552.200      1.0019     0.9995
10552.300      0.9984     0.9995
10552.400      0.9925     0.9995
10552.500      0.9930     0.9995
10552.600      0.9959     0.9995
10552.700      0.9970     0.9995
10552.800      0.9955     0.9995
10552.900      0.9903     0.9995
10553.000      0.9876     0.9995
10553.100      0.9892     0.9995
10553.200      0.9918     0.9995
10553.300      0.9946     0.9995
10553.400      0.9951     0.9995
10553.500      0.9940     0.9995
10553.600      0.9920     0.9995
10553.700      0.9912     0.9994
10553.800      0.9925     0.9994
10553.900      0.9937     0.9994
10554.000      0.9941     0.9994
10554.100      0.9925     0.9994
10554.200      0.9907     0.9994
10554.300      0.9925     0.9995
10554.400      0.9954     0.9995
10554.500      0.9989     0.9994
10554.600      0.9994     0.9994
10554.700      0.9971     0.9993
10554.800      0.9968     0.9993
10554.900      0.9976     0.9992
10555.000      0.9987     0.9992
10555.100      0.9995     0.9993
10555.200      0.9990     0.9993
10555.300      0.9993     0.9994
10555.400      1.0005     0.9993
10555.500      1.0002     0.9993
10555.600      0.9992     0.9992
10555.700      0.9999     0.9992
10555.800      1.0007     0.9993
10555.900      1.0008     0.9994
10556.000      0.9996     0.9994
10556.100      0.9975     0.9994
10556.200      0.9982     0.9994
10556.300      1.0008     0.9994
10556.400      1.0026     0.9994
10556.500      1.0030     0.9994
10556.600      1.0012     0.9994
10556.700      0.9998     0.9994
10556.800      0.9992     0.9993
10556.900      0.9989     0.9993
10557.000      0.9987     0.9993
10557.100      0.9976     0.9992
10557.200      0.9963     0.9992
10557.300      0.9951     0.9991
10557.400      0.9946     0.9989
10557.500      0.9964     0.9986
10557.600      0.9995     0.9980
10557.700      1.0031     0.9964
10557.800      1.0035     0.9924
10557.900      1.0026     0.9846
10558.000      1.0020     0.9735
10558.100      1.0014     0.9632
10558.200      1.0008     0.9599
10558.300      0.9997     0.9658
10558.400      0.9977     0.9769
10558.500      0.9973     0.9873
10558.600      0.9982     0.9939
10558.700      0.9998     0.9970
10558.800      1.0003     0.9982
10558.900      0.9927     0.9987
10559.000      0.9864     0.9989
10559.100      0.9839     0.9991
10559.200      0.9836     0.9992
10559.300      0.9837     0.9992
10559.400      0.9825     0.9993
10559.500      0.9813     0.9993
10559.600      0.9878     0.9993
10559.700      0.9930     0.9994
10559.800      0.9937     0.9994
10559.900      0.9916     0.9994
10560.000      0.9884     0.9994
10560.100      0.9903     0.9994
10560.200      0.9939     0.9994
10560.300      0.9975     0.9994
10560.400      1.0000     0.9994
10560.500      0.9994     0.9994
10560.600      0.9999     0.9994
10560.700      1.0018     0.9994
10560.800      1.0038     0.9994
10560.900      1.0058     0.9994
10561.000      1.0038     0.9994
10561.100      1.0019     0.9994
10561.200      1.0035     0.9994
10561.300      1.0039     0.9994
10561.400      1.0026     0.9995
10561.500      1.0012     0.9995
10561.600      0.9998     0.9995
10561.700      0.9983     0.9995
10561.800      0.9971     0.9995
10561.900      0.9985     0.9995
10562.000      0.9991     0.9995
10562.100      0.9976     0.9995
10562.200      0.9960     0.9994
10562.300      0.9943     0.9994
10562.400      0.9923     0.9994
10562.500      0.9904     0.9994
10562.600      0.9950     0.9994
10562.700      0.9993     0.9994
10562.800      1.0017     0.9992
10562.900      1.0014     0.9986
10563.000      0.9997     0.9970
10563.100      0.9982     0.9941
10563.200      0.9973     0.9905
10563.300      0.9980     0.9882
10563.400      0.9984     0.9889
10563.500      0.9978     0.9920
10563.600      0.9973     0.9955
10563.700      0.9973     0.9979
10563.800      0.9980     0.9990
10563.900      0.9988     0.9993
10564.000      0.9986     0.9994
10564.100      0.9982     0.9994
10564.200      0.9982     0.9994
10564.300      0.9981     0.9995
10564.400      0.9977     0.9995
10564.500      0.9990     0.9995
10564.600      1.0016     0.9994
10564.700      1.0019     0.9994
10564.800      0.9990     0.9994
10564.900      0.9914     0.9994
10565.000      0.9851     0.9994
10565.100      0.9852     0.9994
10565.200      0.9899     0.9994
10565.300      0.9964     0.9994
10565.400      0.9972     0.9994
10565.500      0.9944     0.9994
10565.600      0.9903     0.9994
10565.700      0.9882     0.9994
10565.800      0.9936     0.9993
10565.900      0.9979     0.9993
10566.000      0.9994     0.9993
10566.100      0.9985     0.9993
10566.200      0.9972     0.9993
10566.300      0.9985     0.9994
10566.400      0.9998     0.9994
10566.500      0.9971     0.9994
10566.600      0.9922     0.9994
10566.700      0.9862     0.9995
10566.800      0.9833     0.9995
10566.900      0.9846     0.9995
10567.000      0.9887     0.9995
10567.100      0.9929     0.9995
10567.200      0.9931     0.9995
10567.300      0.9939     0.9995
10567.400      0.9963     0.9994
10567.500      0.9974     0.9995
10567.600      0.9970     0.9995
10567.700      0.9957     0.9995
10567.800      0.9944     0.9995
10567.900      0.9935     0.9995
10568.000      0.9933     0.9995
10568.100      0.9944     0.9994
10568.200      0.9973     0.9994
10568.300      1.0010     0.9994
10568.400      1.0037     0.9994
10568.500      1.0050     0.9994
10568.600      1.0048     0.9994
10568.700      1.0038     0.9994
10568.800      1.0023     0.9994
10568.900      1.0020     0.9994
10569.000      1.0035     0.9994
10569.100      1.0039     0.9994
10569.200      1.0036     0.9994
10569.300      1.0040     0.9995
10569.400      1.0044     0.9995
10569.500      1.0026     0.9994
10569.600      1.0018     0.9994
10569.700      1.0032     0.9994
10569.800      1.0031     0.9994
10569.900      1.0018     0.9994
10570.000      1.0012     0.9994
10570.100      1.0008     0.9994
10570.200      0.9996     0.9994
10570.300      0.9984     0.9994
10570.400      0.9980     0.9994
10570.500      0.9985     0.9994
10570.600      0.9997     0.9994
10570.700      1.0014     0.9994
10570.800      1.0030     0.9994
10570.900      1.0024     0.9994
10571.000      1.0008     0.9994
10571.100      0.9987     0.9994
10571.200      0.9980     0.9994
10571.300      0.9992     0.9994
10571.400      1.0004     0.9994
10571.500      1.0014     0.9993
10571.600      1.0022     0.9993
10571.700      1.0024     0.9992
10571.800      1.0014     0.9990
10571.900      1.0002     0.9989
10572.000      0.9989     0.9988
10572.100      0.9979     0.9988
10572.200      0.9974     0.9986
10572.300      0.9980     0.9983
10572.400      0.9987     0.9973
10572.500      0.9986     0.9952
10572.600      0.9988     0.9915
10572.700      1.0001     0.9870
10572.800      1.0010     0.9840
10572.900      1.0006     0.9846
10573.000      0.9984     0.9883
10573.100      0.9956     0.9928
10573.200      0.9926     0.9961
10573.300      0.9899     0.9977
10573.400      0.9891     0.9983
10573.500      0.9891     0.9982
10573.600      0.9897     0.9972
10573.700      0.9919     0.9948
10573.800      0.9944     0.9902
10573.900      0.9947     0.9841
10574.000      0.9956     0.9789
10574.100      1.0005     0.9777
10574.200      1.0045     0.9813
10574.300      1.0059     0.9876
10574.400      1.0061     0.9931
10574.500      1.0054     0.9966
10574.600      1.0044     0.9982
10574.700      1.0029     0.9988
10574.800      1.0007     0.9990
10574.900      0.9993     0.9992
10575.000      0.9997     0.9992
10575.100      0.9992     0.9993
10575.200      0.9981     0.9993
10575.300      0.9974     0.9993
10575.400      0.9972     0.9993
10575.500      0.9984     0.9994
10575.600      0.9993     0.9994
10575.700      0.9992     0.9994
10575.800      0.9979     0.9994
10575.900      0.9959     0.9994
10576.000      0.9948     0.9994
10576.100      0.9951     0.9994
10576.200      0.9979     0.9994
10576.300      1.0002     0.9994
10576.400      0.9992     0.9994
10576.500      0.9966     0.9994
10576.600      0.9935     0.9994
10576.700      0.9937     0.9994
10576.800      0.9957     0.9994
10576.900      0.9957     0.9994
10577.000      0.9953     0.9993
10577.100      0.9951     0.9993
10577.200      0.9954     0.9992
10577.300      0.9966     0.9992
10577.400      0.9962     0.9991
10577.500      0.9946     0.9991
10577.600      0.9957     0.9990
10577.700      0.9973     0.9990
10577.800      0.9988     0.9991
10577.900      0.9988     0.9992
10578.000      0.9960     0.9992
10578.100      0.9943     0.9991
10578.200      0.9942     0.9986
10578.300      0.9943     0.9980
10578.400      0.9944     0.9978
10578.500      0.9945     0.9980
10578.600      0.9947     0.9986
10578.700      0.9954     0.9990
10578.800      0.9956     0.9993
10578.900      0.9949     0.9994
10579.000      0.9943     0.9994
10579.100      0.9937     0.9994
10579.200      0.9968     0.9994
10579.300      0.9999     0.9994
10579.400      0.9999     0.9994
10579.500      0.9991     0.9994
10579.600      0.9980     0.9994
10579.700      0.9975     0.9994
10579.800      0.9972     0.9994
10579.900      0.9952     0.9994
10580.000      0.9931     0.9994
10580.100      0.9939     0.9994
10580.200      0.9956     0.9994
10580.300      0.9976     0.9994
10580.400      0.9987     0.9994
10580.500      0.9983     0.9994
10580.600      0.9966     0.9994
10580.700      0.9947     0.9994
10580.800      0.9930     0.9994
10580.900      0.9917     0.9994
10581.000      0.9910     0.9994
10581.100      0.9905     0.9992
10581.200      0.9901     0.9987
10581.300      0.9896     0.9974
10581.400      0.9891     0.9951
10581.500      0.9917     0.9927
10581.600      0.9946     0.9921
10581.700      0.9965     0.9935
10581.800      0.9963     0.9955
10581.900      0.9941     0.9962
10582.000      0.9957     0.9953
10582.100      0.9993     0.9940
10582.200      1.0013     0.9939
10582.300      1.0014     0.9953
10582.400      0.9988     0.9972
10582.500      0.9974     0.9985
10582.600      0.9983     0.9991
10582.700      0.9968     0.9993
10582.800      0.9933     0.9993
10582.900      0.9905     0.9993
10583.000      0.9893     0.9993
10583.100      0.9950     0.9993
10583.200      0.9997     0.9993
10583.300      1.0001     0.9993
10583.400      0.9979     0.9993
10583.500      0.9947     0.9993
10583.600      0.9968     0.9993
10583.700      1.0008     0.9992
10583.800      1.0029     0.9992
10583.900      1.0030     0.9991
10584.000      1.0008     0.9990
10584.100      0.9976     0.9989
10584.200      0.9941     0.9988
10584.300      0.9917     0.9984
10584.400      0.9916     0.9976
10584.500      0.9957     0.9957
10584.600      0.9995     0.9912
10584.700      0.9984     0.9813
10584.800      0.9963     0.9609
10584.900      0.9940     0.9253
10585.000      0.9937     0.8812
10585.100      0.9950     0.8512
10585.200      0.9965     0.8573
10585.300      0.9978     0.8966
10585.400      0.9984     0.9435
10585.500      0.9988     0.9763
10585.600      0.9992     0.9917
10585.700      0.9999     0.9969
10585.800      1.0008     0.9983
10585.900      1.0019     0.9987
10586.000      1.0031     0.9989
10586.100      1.0033     0.9990
10586.200      1.0027     0.9991
10586.300      1.0012     0.9992
10586.400      1.0000     0.9992
10586.500      0.9994     0.9992
10586.600      0.9990     0.9993
10586.700      0.9991     0.9993
10586.800      1.0003     0.9993
10586.900      1.0014     0.9993
10587.000      1.0009     0.9993
10587.100      1.0005     0.9993
10587.200      1.0006     0.9993
10587.300      1.0017     0.9993
10587.400      1.0034     0.9993
10587.500      1.0008     0.9993
10587.600      0.9975     0.9993
10587.700      0.9961     0.9993
10587.800      0.9961     0.9994
10587.900      0.9971     0.9994
10588.000      0.9972     0.9994
10588.100      0.9967     0.9994
10588.200      0.9983     0.9994
10588.300      1.0003     0.9994
10588.400      0.9984     0.9994
10588.500      0.9954     0.9994
10588.600      0.9921     0.9994
10588.700      0.9900     0.9994
10588.800      0.9891     0.9994
10588.900      0.9866     0.9994
10589.000      0.9835     0.9994
10589.100      0.9811     0.9994
10589.200      0.9782     0.9994
10589.300      0.9733     0.9994
10589.400      0.9687     0.9994
10589.500      0.9661     0.9994
10589.600      0.9703     0.9994
10589.700      0.9774     0.9994
10589.800      0.9833     0.9994
10589.900      0.9876     0.9994
10590.000      0.9900     0.9994
10590.100      0.9910     0.9994
10590.200      0.9905     0.9994
10590.300      0.9874     0.9994
10590.400      0.9832     0.9994
10590.500      0.9835     0.9994
10590.600      0.9871     0.9994
10590.700      0.9928     0.9994
10590.800      0.9968     0.9993
10590.900      0.9969     0.9993
10591.000      0.9968     0.9993
10591.100      0.9968     0.9993
10591.200      0.9989     0.9992
10591.300      1.0017     0.9992
10591.400      1.0035     0.9990
10591.500      1.0027     0.9986
10591.600      0.9975     0.9973
10591.700      0.9924     0.9946
10591.800      0.9879     0.9903
10591.900      0.9868     0.9859
10592.000      0.9891     0.9838
10592.100      0.9941     0.9856
10592.200      0.9988     0.9900
10592.300      1.0000     0.9944
10592.400      0.9989     0.9972
10592.500      0.9965     0.9985
10592.600      0.9982     0.9990
10592.700      1.0024     0.9992
10592.800      1.0053     0.9993
10592.900      1.0058     0.9993
10593.000      1.0001     0.9991
10593.100      0.9948     0.9985
10593.200      0.9911     0.9970
10593.300      0.9898     0.9945
10593.400      0.9917     0.9917
10593.500      0.9974     0.9903
10593.600      1.0037     0.9914
10593.700      1.0059     0.9941
10593.800      1.0042     0.9968
10593.900      0.9990     0.9984
10594.000      0.9971     0.9991
10594.100      0.9988     0.9993
10594.200      0.9994     0.9994
10594.300      0.9997     0.9994
10594.400      1.0012     0.9994
10594.500      1.0030     0.9994
10594.600      1.0048     0.9994
10594.700      1.0064     0.9994
10594.800      1.0070     0.9994
10594.900      1.0057     0.9994
10595.000      1.0037     0.9994
10595.100      1.0017     0.9994
10595.200      0.9998     0.9994
10595.300      0.9995     0.9994
10595.400      0.9996     0.9993
10595.500      0.9998     0.9993
10595.600      0.9982     0.9993
10595.700      0.9954     0.9993
10595.800      0.9930     0.9993
10595.900      0.9914     0.9993
10596.000      0.9942     0.9992
10596.100      0.9957     0.9992
10596.200      0.9934     0.9991
10596.300      0.9899     0.9987
10596.400      0.9862     0.9978
10596.500      0.9846     0.9954
10596.600      0.9847     0.9907
10596.700      0.9855     0.9842
10596.800      0.9882     0.9787
10596.900      0.9941     0.9779
10597.000      0.9989     0.9822
10597.100      1.0012     0.9888
10597.200      1.0017     0.9942
10597.300      1.0017     0.9973
10597.400      1.0026     0.9985
10597.500      1.0031     0.9989
10597.600      1.0002     0.9990
10597.700      0.9974     0.9991
10597.800      0.9949     0.9991
10597.900      0.9958     0.9992
10598.000      0.9989     0.9992
10598.100      0.9998     0.9993
10598.200      1.0001     0.9993
10598.300      1.0002     0.9993
10598.400      0.9997     0.9993
10598.500      0.9982     0.9994
10598.600      0.9971     0.9994
10598.700      0.9961     0.9994
10598.800      0.9940     0.9994
10598.900      0.9916     0.9994
10599.000      0.9942     0.9994
10599.100      0.9967     0.9994
10599.200      0.9982     0.9994
10599.300      0.9983     0.9994
10599.400      0.9968     0.9994
10599.500      0.9941     0.9994
10599.600      0.9912     0.9994
10599.700      0.9906     0.9994
10599.800      0.9909     0.9994
10599.900      0.9916     0.9994
10600.000      0.9922     0.9994
10600.100      0.9917     0.9994
10600.200      0.9881     0.9994
10600.300      0.9831     0.9994
10600.400      0.9849     0.9994
10600.500      0.9877     0.9994
10600.600      0.9893     0.9994
10600.700      0.9883     0.9994
10600.800      0.9849     0.9994
10600.900      0.9834     0.9994
10601.000      0.9841     0.9994
10601.100      0.9857     0.9994
10601.200      0.9873     0.9994
10601.300      0.9866     0.9994
10601.400      0.9864     0.9994
10601.500      0.9878     0.9994
10601.600      0.9897     0.9994
10601.700      0.9919     0.9994
10601.800      0.9907     0.9994
10601.900      0.9882     0.9993
10602.000      0.9944     0.9993
10602.100      1.0002     0.9993
10602.200      1.0012     0.9993
10602.300      0.9990     0.9993
10602.400      0.9955     0.9993
10602.500      0.9943     0.9992
10602.600      0.9943     0.9991
10602.700      0.9935     0.9988
10602.800      0.9915     0.9985
10602.900      0.9872     0.9975
10603.000      0.9830     0.9933
10603.100      0.9793     0.9810
10603.200      0.9766     0.9563
10603.300      0.9762     0.9250
10603.400      0.9803     0.9052
10603.500      0.9850     0.9122
10603.600      0.9877     0.9403
10603.700      0.9889     0.9700
10603.800      0.9892     0.9885
10603.900      0.9912     0.9963
10604.000      0.9947     0.9986
10604.100      0.9966     0.9991
10604.200      0.9965     0.9992
10604.300      0.9947     0.9993
10604.400      0.9929     0.9993
10604.500      0.9912     0.9993
10604.600      0.9919     0.9993
10604.700      0.9953     0.9991
10604.800      0.9985     0.9984
10604.900      1.0011     0.9964
10605.000      0.9989     0.9930
10605.100      0.9964     0.9898
10605.200      0.9948     0.9893
10605.300      0.9942     0.9920
10605.400      0.9944     0.9956
10605.500      0.9946     0.9980
10605.600      0.9949     0.9990
10605.700      0.9939     0.9993
10605.800      0.9926     0.9993
10605.900      0.9927     0.9993
10606.000      0.9929     0.9993
10606.100      0.9932     0.9993
10606.200      0.9931     0.9993
10606.300      0.9925     0.9993
10606.400      0.9928     0.9993
10606.500      0.9933     0.9993
10606.600      0.9917     0.9993
10606.700      0.9898     0.9993
10606.800      0.9877     0.9993
10606.900      0.9867     0.9993
10607.000      0.9871     0.9993
10607.100      0.9871     0.9992
10607.200      0.9865     0.9992
10607.300      0.9847     0.9992
10607.400      0.9831     0.9992
10607.500      0.9831     0.9993
10607.600      0.9841     0.9993
10607.700      0.9856     0.9993
10607.800      0.9865     0.9993
10607.900      0.9861     0.9993
10608.000      0.9830     0.9993
10608.100      0.9797     0.9994
10608.200      0.9782     0.9994
10608.300      0.9776     0.9994
10608.400      0.9778     0.9994
10608.500      0.9795     0.9994
10608.600      0.9822     0.9994
10608.700      0.9855     0.9994
10608.800      0.9886     0.9993
10608.900      0.9867     0.9993
10609.000      0.9851     0.9993
10609.100      0.9848     0.9993
10609.200      0.9859     0.9993
10609.300      0.9876     0.9993
10609.400      0.9890     0.9993
10609.500      0.9902     0.9993
10609.600      0.9916     0.9993
10609.700      0.9930     0.9993
10609.800      0.9943     0.9993
10609.900      0.9967     0.9993
10610.000      1.0005     0.9993
10610.100      1.0031     0.9993
10610.200      1.0031     0.9993
10610.300      0.9979     0.9993
10610.400      0.9930     0.9993
10610.500      0.9928     0.9993
10610.600      0.9910     0.9993
10610.700      0.9867     0.9993
10610.800      0.9833     0.9993
10610.900      0.9816     0.9993
10611.000      0.9830     0.9993
10611.100      0.9845     0.9993
10611.200      0.9832     0.9993
10611.300      0.9822     0.9992
10611.400      0.9833     0.9990
10611.500      0.9876     0.9985
10611.600      0.9936     0.9979
10611.700      0.9963     0.9976
10611.800      0.9975     0.9978
10611.900      0.9985     0.9984
10612.000      0.9989     0.9989
10612.100      0.9984     0.9992
10612.200      0.9969     0.9993
10612.300      0.9952     0.9993
10612.400      0.9967     0.9992
10612.500      0.9997     0.9992
10612.600      1.0009     0.9992
10612.700      1.0000     0.9992
10612.800      0.9969     0.9993
10612.900      0.9940     0.9993
10613.000      0.9922     0.9993
10613.100      0.9927     0.9993
10613.200      0.9941     0.9993
10613.300      0.9955     0.9993
10613.400      0.9970     0.9993
10613.500      0.9984     0.9993
10613.600      0.9990     0.9993
10613.700      0.9980     0.9993
10613.800      0.9977     0.9993
10613.900      0.9981     0.9993
10614.000      0.9985     0.9993
10614.100      0.9991     0.9993
10614.200      1.0008     0.9993
10614.300      1.0025     0.9993
10614.400      1.0035     0.9993
10614.500      1.0029     0.9993
10614.600      1.0013     0.9993
10614.700      1.0014     0.9993
10614.800      1.0021     0.9993
10614.900      1.0011     0.9993
10615.000      0.9991     0.9993
10615.100      0.9966     0.9993
10615.200      0.9968     0.9993
10615.300      1.0007     0.9993
10615.400      0.9999     0.9992
10615.500      0.9969     0.9993
10615.600      0.9964     0.9993
10615.700      0.9972     0.9993
10615.800      0.9988     0.9993
10615.900      0.9989     0.9993
10616.000      0.9964     0.9993
10616.100      0.9968     0.9993
10616.200      0.9993     0.9993
10616.300      1.0019     0.9993
10616.400      1.0044     0.9993
10616.500      1.0032     0.9993
10616.600      1.0021     0.9992
10616.700      1.0013     0.9992
10616.800      0.9995     0.9992
10616.900      0.9962     0.9993
10617.000      0.9925     0.9993
10617.100      0.9887     0.9993
10617.200      0.9913     0.9993
10617.300      0.9938     0.9993
10617.400      0.9953     0.9993
10617.500      0.9954     0.9993
10617.600      0.9947     0.9993
10617.700      0.9963     0.9993
10617.800      0.9989     0.9993
10617.900      1.0002     0.9993
10618.000      1.0015     0.9993
10618.100      1.0040     0.9993
10618.200      1.0052     0.9992
10618.300      1.0040     0.9990
10618.400      1.0020     0.9990
10618.500      0.9999     0.9990
10618.600      1.0020     0.9991
10618.700      1.0049     0.9992
10618.800      1.0074     0.9993
10618.900      1.0084     0.9993
10619.000      1.0066     0.9993
10619.100      1.0037     0.9993
10619.200      1.0007     0.9993
10619.300      0.9978     0.9993
10619.400      0.9952     0.9993
10619.500      0.9926     0.9992
10619.600      0.9905     0.9992
10619.700      0.9893     0.9993
10619.800      0.9897     0.9993
10619.900      0.9910     0.9993
10620.000      0.9890     0.9993
10620.100      0.9857     0.9993
10620.200      0.9888     0.9993
10620.300      0.9922     0.9993
10620.400      0.9952     0.9993
10620.500      0.9963     0.9992
10620.600      0.9952     0.9991
10620.700      0.9958     0.9989
10620.800      0.9973     0.9988
10620.900      0.9947     0.9988
10621.000      0.9915     0.9989
10621.100      0.9886     0.9991
10621.200      0.9867     0.9993
10621.300      0.9875     0.9993
10621.400      0.9912     0.9993
10621.500      0.9957     0.9993
10621.600      0.9984     0.9993
10621.700      0.9988     0.9993
10621.800      0.9960     0.9993
10621.900      0.9933     0.9993
10622.000      0.9907     0.9993
10622.100      0.9895     0.9993
10622.200      0.9904     0.9993
10622.300      0.9921     0.9993
10622.400      0.9944     0.9993
10622.500      0.9973     0.9993
10622.600      0.9997     0.9993
10622.700      0.9999     0.9992
10622.800      1.0007     0.9989
10622.900      1.0020     0.9983
10623.000      1.0034     0.9972
10623.100      1.0048     0.9962
10623.200      1.0061     0.9958
10623.300      1.0072     0.9963
10623.400      1.0075     0.9974
10623.500      1.0041     0.9984
10623.600      0.9958     0.9990
10623.700      0.9914     0.9992
10623.800      0.9914     0.9992
10623.900      0.9936     0.9993
10624.000      0.9957     0.9993
10624.100      0.9935     0.9993
10624.200      0.9920     0.9993
10624.300      0.9922     0.9993
10624.400      0.9925     0.9993
10624.500      0.9931     0.9993
10624.600      0.9939     0.9993
10624.700      0.9950     0.9993
10624.800      0.9970     0.9993
10624.900      0.9987     0.9993
10625.000      0.9987     0.9993
10625.100      0.9972     0.9993
10625.200      0.9950     0.9993
10625.300      0.9932     0.9993
10625.400      0.9923     0.9993
10625.500      0.9960     0.9993
10625.600      0.9990     0.9993
10625.700      0.9969     0.9993
10625.800      0.9963     0.9993
10625.900      0.9978     0.9993
10626.000      0.9973     0.9993
10626.100      0.9956     0.9993
10626.200      0.9942     0.9993
10626.300      0.9934     0.9993
10626.400      0.9939     0.9993
10626.500      0.9955     0.9993
10626.600      0.9982     0.9993
10626.700      1.0016     0.9993
10626.800      1.0053     0.9992
10626.900      1.0032     0.9992
10627.000      0.9996     0.9991
10627.100      0.9982     0.9986
10627.200      0.9979     0.9963
10627.300      0.9986     0.9890
10627.400      1.0000     0.9728
10627.500      1.0017     0.9495
10627.600      1.0004     0.9312
10627.700      0.9965     0.9316
10627.800      0.9910     0.9504
10627.900      0.9866     0.9736
10628.000      0.9872     0.9894
10628.100      0.9895     0.9965
10628.200      0.9928     0.9986
10628.300      0.9970     0.9991
10628.400      1.0014     0.9992
10628.500      1.0045     0.9992
10628.600      1.0049     0.9992
10628.700      1.0000     0.9993
10628.800      0.9979     0.9993
10628.900      1.0003     0.9993
10629.000      1.0027     0.9993
10629.100      1.0045     0.9993
10629.200      1.0009     0.9993
10629.300      0.9965     0.9993
10629.400      0.9972     0.9993
10629.500      0.9975     0.9993
10629.600      0.9960     0.9993
10629.700      0.9932     0.9993
10629.800      0.9898     0.9993
10629.900      0.9882     0.9993
10630.000      0.9893     0.9993
10630.100      0.9943     0.9993
10630.200      0.9988     0.9993
10630.300      1.0004     0.9993
10630.400      0.9992     0.9993
10630.500      0.9965     0.9993
10630.600      0.9962     0.9993
10630.700      0.9969     0.9992
10630.800      0.9942     0.9991
10630.900      0.9913     0.9988
10631.000      0.9892     0.9977
10631.100      0.9891     0.9955
10631.200      0.9911     0.9924
10631.300      0.9906     0.9899
10631.400      0.9885     0.9898
10631.500      0.9888     0.9920
10631.600      0.9898     0.9951
10631.700      0.9910     0.9975
10631.800      0.9919     0.9987
10631.900      0.9921     0.9991
10632.000      0.9921     0.9992
10632.100      0.9922     0.9992
10632.200      0.9925     0.9991
10632.300      0.9932     0.9991
10632.400      0.9963     0.9990
10632.500      0.9984     0.9987
10632.600      0.9971     0.9976
10632.700      0.9949     0.9940
10632.800      0.9925     0.9852
10632.900      0.9926     0.9708
10633.000      0.9938     0.9564
10633.100      0.9923     0.9522
10633.200      0.9913     0.9615
10633.300      0.9933     0.9770
10633.400      0.9953     0.9895
10633.500      0.9973     0.9959
10633.600      0.9981     0.9982
10633.700      0.9976     0.9988
10633.800      0.9967     0.9990
10633.900      0.9951     0.9991
10634.000      0.9923     0.9991
10634.100      0.9899     0.9992
10634.200      0.9893     0.9992
10634.300      0.9910     0.9992
10634.400      0.9938     0.9992
10634.500      0.9960     0.9992
10634.600      0.9972     0.9992
10634.700      0.9950     0.9992
10634.800      0.9927     0.9992
10634.900      0.9903     0.9992
10635.000      0.9883     0.9992
10635.100      0.9876     0.9992
10635.200      0.9888     0.9992
10635.300      0.9906     0.9992
10635.400      0.9902     0.9992
10635.500      0.9894     0.9992
10635.600      0.9884     0.9992
10635.700      0.9895     0.9992
10635.800      0.9929     0.9992
10635.900      0.9948     0.9992
10636.000      0.9959     0.9992
10636.100      0.9975     0.9992
10636.200      0.9991     0.9992
10636.300      1.0005     0.9992
10636.400      1.0005     0.9992
10636.500      0.9987     0.9992
10636.600      0.9994     0.9992
10636.700      1.0016     0.9992
10636.800      1.0032     0.9992
10636.900      1.0030     0.9992
10637.000      0.9981     0.9992
10637.100      0.9938     0.9992
10637.200      0.9923     0.9992
10637.300      0.9942     0.9992
10637.400      0.9977     0.9992
10637.500      1.0000     0.9992
10637.600      1.0014     0.9992
10637.700      1.0023     0.9992
10637.800      1.0028     0.9992
10637.900      1.0030     0.9992
10638.000      1.0033     0.9992
10638.100      1.0037     0.9992
10638.200      1.0023     0.9992
10638.300      1.0002     0.9992
10638.400      0.9981     0.9992
10638.500      0.9965     0.9992
10638.600      0.9966     0.9992
10638.700      0.9971     0.9992
10638.800      0.9977     0.9992
10638.900      0.9970     0.9992
10639.000      0.9941     0.9992
10639.100      0.9887     0.9992
10639.200      0.9833     0.9992
10639.300      0.9802     0.9992
10639.400      0.9801     0.9992
10639.500      0.9824     0.9992
10639.600      0.9833     0.9992
10639.700      0.9831     0.9992
10639.800      0.9835     0.9992
10639.900      0.9849     0.9992
10640.000      0.9885     0.9992
10640.100      0.9918     0.9992
10640.200      0.9932     0.9992
10640.300      0.9916     0.9992
10640.400      0.9883     0.9992
10640.500      0.9883     0.9992
10640.600      0.9895     0.9992
10640.700      0.9860     0.9992
10640.800      0.9828     0.9992
10640.900      0.9823     0.9992
10641.000      0.9853     0.9992
10641.100      0.9902     0.9992
10641.200      0.9931     0.9992
10641.300      0.9940     0.9992
10641.400      0.9938     0.9992
10641.500      0.9937     0.9992
10641.600      0.9951     0.9992
10641.700      0.9983     0.9992
10641.800      1.0029     0.9992
10641.900      1.0059     0.9992
10642.000      1.0064     0.9992
10642.100      1.0053     0.9992
10642.200      1.0025     0.9992
10642.300      0.9977     0.9992
10642.400      0.9944     0.9992
10642.500      0.9962     0.9992
10642.600      1.0000     0.9992
10642.700      1.0042     0.9992
10642.800      1.0045     0.9992
10642.900      1.0036     0.9992
10643.000      1.0050     0.9992
10643.100      1.0061     0.9992
10643.200      1.0056     0.9992
10643.300      1.0045     0.9991
10643.400      1.0030     0.9990
10643.500      0.9999     0.9985
10643.600      0.9963     0.9971
10643.700      0.9949     0.9939
10643.800      0.9955     0.9891
10643.900      0.9975     0.9845
10644.000      0.9968     0.9832
10644.100      0.9918     0.9862
10644.200      0.9902     0.9912
10644.300      0.9904     0.9955
10644.400      0.9895     0.9979
10644.500      0.9886     0.9988
10644.600      0.9891     0.9991
10644.700      0.9911     0.9992
10644.800      0.9941     0.9992
10644.900      0.9952     0.9992
10645.000      0.9949     0.9992
10645.100      0.9951     0.9992
10645.200      0.9962     0.9992
10645.300      0.9998     0.9992
10645.400      1.0031     0.9992
10645.500      1.0041     0.9991
10645.600      1.0021     0.9990
10645.700      0.9985     0.9987
10645.800      0.9984     0.9985
10645.900      0.9995     0.9985
10646.000      0.9994     0.9986
10646.100      0.9998     0.9989
10646.200      1.0024     0.9991
10646.300      1.0042     0.9992
10646.400      1.0032     0.9992
10646.500      0.9972     0.9992
10646.600      0.9896     0.9992
10646.700      0.9880     0.9992
10646.800      0.9900     0.9992
10646.900      0.9942     0.9992
10647.000      0.9977     0.9992
10647.100      0.9985     0.9992
10647.200      0.9966     0.9992
10647.300      0.9938     0.9992
10647.400      0.9915     0.9991
10647.500      0.9904     0.9991
10647.600      0.9930     0.9991
10647.700      0.9964     0.9991
10647.800      1.0000     0.9991
10647.900      1.0012     0.9992
10648.000      0.9995     0.9992
10648.100      0.9970     0.9992
10648.200      0.9944     0.9992
10648.300      0.9980     0.9992
10648.400      1.0011     0.9992
10648.500      1.0012     0.9992
10648.600      1.0002     0.9992
10648.700      0.9987     0.9992
10648.800      0.9969     0.9992
10648.900      0.9952     0.9992
10649.000      0.9938     0.9992
10649.100      0.9936     0.9992
10649.200      0.9963     0.9992
10649.300      0.9989     0.9992
10649.400      1.0006     0.9992
10649.500      1.0018     0.9992
10649.600      1.0025     0.9992
10649.700      1.0029     0.9992
10649.800      1.0027     0.9992
10649.900      1.0015     0.9992
10650.000      0.9994     0.9992
10650.100      0.9967     0.9991
10650.200      0.9946     0.9991
10650.300      0.9929     0.9990
10650.400      0.9902     0.9990
10650.500      0.9872     0.9990
10650.600      0.9880     0.9991
10650.700      0.9887     0.9991
10650.800      0.9889     0.9992
10650.900      0.9865     0.9992
10651.000      0.9818     0.9992
10651.100      0.9823     0.9992
10651.200      0.9874     0.9992
10651.300      0.9954     0.9992
10651.400      1.0017     0.9992
10651.500      1.0007     0.9992
10651.600      1.0012     0.9991
10651.700      1.0042     0.9991
10651.800      1.0023     0.9991
10651.900      0.9977     0.9991
10652.000      0.9955     0.9991
10652.100      0.9960     0.9991
10652.200      0.9996     0.9991
10652.300      1.0015     0.9991
10652.400      1.0003     0.9990
10652.500      0.9993     0.9988
10652.600      0.9989     0.9981
10652.700      1.0002     0.9961
10652.800      1.0017     0.9921
10652.900      1.0008     0.9870
10653.000      0.9977     0.9834
10653.100      0.9925     0.9838
10653.200      0.9924     0.9879
10653.300      0.9971     0.9930
10653.400      0.9986     0.9966
10653.500      0.9984     0.9983
10653.600      0.9979     0.9989
10653.700      0.9967     0.9991
10653.800      0.9948     0.9991
10653.900      0.9950     0.9991
10654.000      0.9981     0.9991
10654.100      0.9999     0.9991
10654.200      1.0011     0.9991
10654.300      1.0030     0.9990
10654.400      1.0049     0.9989
10654.500      1.0063     0.9988
10654.600      1.0048     0.9988
10654.700      0.9995     0.9989
10654.800      0.9970     0.9990
10654.900      0.9966     0.9991
10655.000      0.9965     0.9991
10655.100      0.9964     0.9991
10655.200      0.9964     0.9989
10655.300      0.9968     0.9983
10655.400      0.9981     0.9968
10655.500      0.9976     0.9944
10655.600      0.9955     0.9924
10655.700      0.9944     0.9924
10655.800      0.9936     0.9944
10655.900      0.9921     0.9968
10656.000      0.9915     0.9983
10656.100      0.9939     0.9989
10656.200      0.9958     0.9991
10656.300      0.9968     0.9991
10656.400      0.9973     0.9991
10656.500      0.9970     0.9991
10656.600      0.9941     0.9991
10656.700      0.9911     0.9991
10656.800      0.9887     0.9991
10656.900      0.9880     0.9991
10657.000      0.9889     0.9991
10657.100      0.9891     0.9991
10657.200      0.9890     0.9991
10657.300      0.9939     0.9991
10657.400      0.9991     0.9991
10657.500      1.0001     0.9991
10657.600      0.9996     0.9991
10657.700      0.9984     0.9991
10657.800      0.9975     0.9991
10657.900      0.9969     0.9991
10658.000      0.9944     0.9991
10658.100      0.9917     0.9990
10658.200      0.9939     0.9990
10658.300      0.9966     0.9990
10658.400      0.9995     0.9990
10658.500      0.9995     0.9991
10658.600      0.9966     0.9991
10658.700      0.9951     0.9991
10658.800      0.9946     0.9991
10658.900      0.9943     0.9991
10659.000      0.9953     0.9990
10659.100      0.9987     0.9990
10659.200      1.0000     0.9990
10659.300      0.9984     0.9990
10659.400      0.9979     0.9990
10659.500      0.9986     0.9990
10659.600      1.0001     0.9990
10659.700      1.0013     0.9990
10659.800      0.9997     0.9990
10659.900      0.9986     0.9989
10660.000      0.9984     0.9989
10660.100      0.9980     0.9989
10660.200      0.9973     0.9988
10660.300      0.9967     0.9987
10660.400      0.9965     0.9981
10660.500      0.9999     0.9956
10660.600      1.0020     0.9873
10660.700      1.0011     0.9676
10660.800      1.0001     0.9363
10660.900      0.9990     0.9071
10661.000      0.9996     0.9002
10661.100      1.0007     0.9210
10661.200      0.9967     0.9536
10661.300      0.9931     0.9793
10661.400      0.9926     0.9922
10661.500      0.9950     0.9966
10661.600      0.9989     0.9977
10661.700      0.9992     0.9977
10661.800      0.9980     0.9975
10661.900      0.9972     0.9973
10662.000      0.9974     0.9973
10662.100      1.0001     0.9975
10662.200      1.0015     0.9978
10662.300      1.0000     0.9981
10662.400      0.9967     0.9983
10662.500      0.9929     0.9984
10662.600      0.9928     0.9984
10662.700      0.9952     0.9984
10662.800      0.9992     0.9984
10662.900      1.0020     0.9982
10663.000      1.0021     0.9980
10663.100      1.0028     0.9978
10663.200      1.0038     0.9975
10663.300      1.0042     0.9973
10663.400      1.0045     0.9974
10663.500      1.0048     0.9976
10663.600      1.0054     0.9979
10663.700      1.0063     0.9982
10663.800      1.0050     0.9984
10663.900      1.0012     0.9986
10664.000      0.9991     0.9987
10664.100      0.9992     0.9987
10664.200      1.0025     0.9988
10664.300      1.0047     0.9988
10664.400      1.0020     0.9988
10664.500      0.9994     0.9988
10664.600      0.9969     0.9985
10664.700      0.9940     0.9980
10664.800      0.9909     0.9974
10664.900      0.9913     0.9968
10665.000      0.9926     0.9968
10665.100      0.9943     0.9974
10665.200      0.9951     0.9981
10665.300      0.9942     0.9986
10665.400      0.9937     0.9989
10665.500      0.9935     0.9989
10665.600      0.9922     0.9990
10665.700      0.9908     0.9990
10665.800      0.9935     0.9990
10665.900      0.9979     0.9990
10666.000      1.0032     0.9990
10666.100      1.0071     0.9990
10666.200      1.0073     0.9990
10666.300      1.0023     0.9990
10666.400      0.9962     0.9990
10666.500      0.9989     0.9990
10666.600      1.0013     0.9990
10666.700      1.0018     0.9990
10666.800      1.0026     0.9990
10666.900      1.0036     0.9990
10667.000      1.0034     0.9989
10667.100      1.0027     0.9989
10667.200      1.0022     0.9989
10667.300      1.0018     0.9988
10667.400      1.0013     0.9987
10667.500      1.0004     0.9987
10667.600      0.9989     0.9988
10667.700      0.9976     0.9988
10667.800      0.9973     0.9989
10667.900      0.9986     0.9989
10668.000      1.0014     0.9990
10668.100      1.0055     0.9990
10668.200      1.0071     0.9989
10668.300      1.0028     0.9989
10668.400      1.0019     0.9988
10668.500      1.0047     0.9986
10668.600      1.0082     0.9985
10668.700      1.0117     0.9985
10668.800      1.0113     0.9986
10668.900      1.0112     0.9988
10669.000      1.0116     0.9989
10669.100      1.0101     0.9989
10669.200      1.0066     0.9990
10669.300      1.0035     0.9990
10669.400      1.0015     0.9990
10669.500      1.0029     0.9990
10669.600      1.0045     0.9990
10669.700      1.0060     0.9990
10669.800      1.0073     0.9990
10669.900      1.0079     0.9990
10670.000      1.0060     0.9990
10670.100      1.0026     0.9990
10670.200      0.9986     0.9990
10670.300      0.9950     0.9990
10670.400      0.9950     0.9990
10670.500      0.9951     0.9990
10670.600      0.9949     0.9989
10670.700      0.9935     0.9989
10670.800      0.9916     0.9989
10670.900      0.9928     0.9989
10671.000      0.9946     0.9989
10671.100      0.9910     0.9989
10671.200      0.9891     0.9989
10671.300      0.9923     0.9989
10671.400      0.9962     0.9989
10671.500      1.0002     0.9989
10671.600      0.9993     0.9989
10671.700      0.9965     0.9989
10671.800      0.9952     0.9989
10671.900      0.9956     0.9988
10672.000      0.9976     0.9988
10672.100      0.9993     0.9987
10672.200      0.9999     0.9987
10672.300      0.9986     0.9987
10672.400      0.9967     0.9988
10672.500      0.9997     0.9988
10672.600      1.0031     0.9988
10672.700      1.0051     0.9988
10672.800      1.0045     0.9988
10672.900      1.0017     0.9988
10673.000      1.0002     0.9988
10673.100      0.9995     0.9987
10673.200      0.9973     0.9986
10673.300      0.9952     0.9984
10673.400      0.9972     0.9981
10673.500      0.9984     0.9976
10673.600      0.9975     0.9968
10673.700      0.9966     0.9958
10673.800      0.9958     0.9943
10673.900      0.9960     0.9932
10674.000      0.9973     0.9933
10674.100      0.9995     0.9946
10674.200      1.0015     0.9961
10674.300      1.0024     0.9973
10674.400      1.0032     0.9977
10674.500      1.0040     0.9977
10674.600      1.0030     0.9975
10674.700      1.0012     0.9971
10674.800      1.0010     0.9967
10674.900      1.0010     0.9961
10675.000      1.0011     0.9952
10675.100      1.0020     0.9935
10675.200      1.0038     0.9899
10675.300      1.0045     0.9824
10675.400      1.0033     0.9684
10675.500      1.0001     0.9478
10675.600      0.9969     0.9255
10675.700      0.9946     0.9095
10675.800      0.9940     0.9056
10675.900      0.9950     0.9135
10676.000      0.9924     0.9293
10676.100      0.9871     0.9482
10676.200      0.9844     0.9660
10676.300      0.9846     0.9796
10676.400      0.9873     0.9882
10676.500      0.9912     0.9928
10676.600      0.9958     0.9950
10676.700      0.9995     0.9962
10676.800      1.0013     0.9968
10676.900      1.0022     0.9973
10677.000      1.0018     0.9976
10677.100      0.9976     0.9978
10677.200      0.9943     0.9979
10677.300      0.9958     0.9981
10677.400      0.9972     0.9982
10677.500      0.9984     0.9983
10677.600      0.9998     0.9983
10677.700      1.0016     0.9984
10677.800      1.0042     0.9984
10677.900      1.0063     0.9985
10678.000      1.0031     0.9985
10678.100      0.9999     0.9985
10678.200      0.9968     0.9986
10678.300      0.9961     0.9986
10678.400      0.9971     0.9986
10678.500      0.9962     0.9986
10678.600      0.9950     0.9986
10678.700      0.9957     0.9986
10678.800      0.9957     0.9987
10678.900      0.9936     0.9987
10679.000      0.9917     0.9987
10679.100      0.9906     0.9987
10679.200      0.9936     0.9987
10679.300      0.9978     0.9987
10679.400      0.9965     0.9987
10679.500      0.9960     0.9987
10679.600      0.9985     0.9987
10679.700      1.0008     0.9987
10679.800      1.0013     0.9987
10679.900      0.9958     0.9987
10680.000      0.9880     0.9986
10680.100      0.9856     0.9986
10680.200      0.9860     0.9986
10680.300      0.9880     0.9986
10680.400      0.9886     0.9986
10680.500      0.9871     0.9986
10680.600      0.9869     0.9985
10680.700      0.9875     0.9985
10680.800      0.9873     0.9985
10680.900      0.9871     0.9984
10681.000      0.9884     0.9983
10681.100      0.9912     0.9979
10681.200      0.9950     0.9973
10681.300      0.9983     0.9966
10681.400      1.0005     0.9961
10681.500      0.9998     0.9963
10681.600      0.9985     0.9968
10681.700      0.9992     0.9972
10681.800      0.9992     0.9973
10681.900      0.9970     0.9973
10682.000      0.9951     0.9971
10682.100      0.9939     0.9968
10682.200      0.9945     0.9962
10682.300      0.9956     0.9950
10682.400      0.9958     0.9918
10682.500      0.9962     0.9821
10682.600      0.9982     0.9562
10682.700      1.0003     0.9035
10682.800      1.0023     0.8254
10682.900      1.0045     0.7428
10683.000      1.0068     0.6842
10683.100      1.0079     0.6685
10683.200      1.0079     0.6999
10683.300      1.0067     0.7695
10683.400      1.0043     0.8538
10683.500      1.0012     0.9247
10683.600      1.0000     0.9675
10683.700      1.0003     0.9865
10683.800      0.9978     0.9931
10683.900      0.9948     0.9953
10684.000      0.9964     0.9961
10684.100      0.9978     0.9965
10684.200      0.9981     0.9967
10684.300      0.9972     0.9968
10684.400      0.9956     0.9968
10684.500      0.9942     0.9966
10684.600      0.9930     0.9959
10684.700      0.9908     0.9930
10684.800      0.9904     0.9829
10684.900      0.9968     0.9557
10685.000      0.9995     0.9020
10685.100      0.9975     0.8261
10685.200      0.9962     0.7514
10685.300      0.9965     0.7072
10685.400      1.0011     0.7107
10685.500      1.0055     0.7607
10685.600      1.0049     0.8374
10685.700      1.0022     0.9114
10685.800      0.9986     0.9612
10685.900      0.9958     0.9854
10686.000      0.9935     0.9941
10686.100      0.9844     0.9966
10686.200      0.9725     0.9973
10686.300      0.9596     0.9976
10686.400      0.9474     0.9978
10686.500      0.9381     0.9979
10686.600      0.9322     0.9980
10686.700      0.9277     0.9981
10686.800      0.9215     0.9982
10686.900      0.9147     0.9982
10687.000      0.9085     0.9983
10687.100      0.9039     0.9983
10687.200      0.9034     0.9983
10687.300      0.9034     0.9983
10687.400      0.9038     0.9982
10687.500      0.9059     0.9981
10687.600      0.9093     0.9981
10687.700      0.9135     0.9981
10687.800      0.9177     0.9982
10687.900      0.9217     0.9982
10688.000      0.9292     0.9983
10688.100      0.9418     0.9983
10688.200      0.9522     0.9983
10688.300      0.9587     0.9983
10688.400      0.9608     0.9982
10688.500      0.9612     0.9982
10688.600      0.9610     0.9981
10688.700      0.9584     0.9981
10688.800      0.9533     0.9980
10688.900      0.9486     0.9978
10689.000      0.9449     0.9976
10689.100      0.9416     0.9973
10689.200      0.9392     0.9963
10689.300      0.9389     0.9937
10689.400      0.9383     0.9874
10689.500      0.9369     0.9760
10689.600      0.9373     0.9626
10689.700      0.9397     0.9550
10689.800      0.9410     0.9588
10689.900      0.9418     0.9709
10690.000      0.9469     0.9831
10690.100      0.9519     0.9905
10690.200      0.9558     0.9934
10690.300      0.9628     0.9937
10690.400      0.9741     0.9925
10690.500      0.9834     0.9894
10690.600      0.9910     0.9815
10690.700      0.9982     0.9615
10690.800      1.0042     0.9184
10690.900      1.0074     0.8473
10691.000      1.0099     0.7613
10691.100      1.0119     0.6873
10691.200      1.0119     0.6478
10691.300      1.0110     0.6524
10691.400      1.0125     0.7001
10691.500      1.0141     0.7792
10691.600      1.0108     0.8649
10691.700      1.0075     0.9313
10691.800      1.0045     0.9690
10691.900      1.0029     0.9853
10692.000      1.0033     0.9913
10692.100      1.0047     0.9937
10692.200      1.0064     0.9949
10692.300      1.0082     0.9956
10692.400      1.0088     0.9962
10692.500      1.0048     0.9966
10692.600      1.0023     0.9969
10692.700      1.0015     0.9970
10692.800      0.9997     0.9970
10692.900      0.9974     0.9966
10693.000      1.0005     0.9959
10693.100      1.0032     0.9952
10693.200      1.0011     0.9951
10693.300      0.9973     0.9957
10693.400      0.9929     0.9965
10693.500      0.9916     0.9971
10693.600      0.9921     0.9972
10693.700      0.9910     0.9966
10693.800      0.9896     0.9944
10693.900      0.9894     0.9885
10694.000      0.9885     0.9764
10694.100      0.9841     0.9596
10694.200      0.9756     0.9463
10694.300      0.9628     0.9461
10694.400      0.9454     0.9590
10694.500      0.9274     0.9759
10694.600      0.9115     0.9883
10694.700      0.8988     0.9945
10694.800      0.8916     0.9969
10694.900      0.8886     0.9977
10695.000      0.8880     0.9980
10695.100      0.8884     0.9982
10695.200      0.8893     0.9983
10695.300      0.8904     0.9984
10695.400      0.8913     0.9984
10695.500      0.8913     0.9985
10695.600      0.8928     0.9985
10695.700      0.8964     0.9985
10695.800      0.8996     0.9985
10695.900      0.9025     0.9986
10696.000      0.9077     0.9986
10696.100      0.9163     0.9986
10696.200      0.9295     0.9986
10696.300      0.9426     0.9986
10696.400      0.9555     0.9986
10696.500      0.9655     0.9986
10696.600      0.9737     0.9986
10696.700      0.9852     0.9986
10696.800      0.9973     0.9986
10696.900      1.0030     0.9987
10697.000      1.0052     0.9987
10697.100      1.0053     0.9987
10697.200      1.0057     0.9987
10697.300      1.0064     0.9987
10697.400      1.0061     0.9987
10697.500      1.0049     0.9987
10697.600      1.0028     0.9987
10697.700      1.0007     0.9987
10697.800      0.9987     0.9987
10697.900      0.9970     0.9987
10698.000      0.9958     0.9987
10698.100      0.9958     0.9987
10698.200      0.9968     0.9987
10698.300      0.9986     0.9987
10698.400      1.0004     0.9987
10698.500      1.0010     0.9987
10698.600      0.9997     0.9987
10698.700      0.9968     0.9987
10698.800      0.9947     0.9987
10698.900      0.9937     0.9987
10699.000      0.9935     0.9987
10699.100      0.9945     0.9987
10699.200      0.9983     0.9987
10699.300      1.0000     0.9987
10699.400      0.9966     0.9987
10699.500      0.9940     0.9987
10699.600      0.9934     0.9987
10699.700      0.9973     0.9987
10699.800      1.0021     0.9987
10699.900      1.0059     0.9987
10700.000      1.0073     0.9985
10700.100      1.0045     0.9979
10700.200      1.0014     0.9959
10700.300      0.9983     0.9918
10700.400      0.9956     0.9858
10700.500      0.9936     0.9806
10700.600      0.9921     0.9797
10700.700      0.9922     0.9837
10700.800      0.9966     0.9898
10700.900      1.0009     0.9947
10701.000      1.0043     0.9973
10701.100      1.0033     0.9983
10701.200      0.9991     0.9986
10701.300      0.9939     0.9987
10701.400      0.9890     0.9987
10701.500      0.9877     0.9987
10701.600      0.9886     0.9987
10701.700      0.9910     0.9987
10701.800      0.9951     0.9987
10701.900      0.9996     0.9987
10702.000      0.9936     0.9987
10702.100      0.9849     0.9987
10702.200      0.9792     0.9987
10702.300      0.9769     0.9987
10702.400      0.9780     0.9987
10702.500      0.9797     0.9987
10702.600      0.9819     0.9987
10702.700      0.9877     0.9987
10702.800      0.9947     0.9986
10702.900      1.0000     0.9985
10703.000      1.0027     0.9985
10703.100      1.0026     0.9985
10703.200      1.0030     0.9985
10703.300      1.0042     0.9986
10703.400      0.9963     0.9986
10703.500      0.9837     0.9986
10703.600      0.9844     0.9986
10703.700      0.9887     0.9986
10703.800      0.9942     0.9986
10703.900      0.9975     0.9986
10704.000      0.9969     0.9985
10704.100      0.9978     0.9984
10704.200      0.9997     0.9984
10704.300      1.0006     0.9985
10704.400      1.0002     0.9986
10704.500      0.9980     0.9986
10704.600      0.9960     0.9986
10704.700      0.9951     0.9986
10704.800      0.9967     0.9986
10704.900      0.9999     0.9986
10705.000      1.0019     0.9986
10705.100      1.0031     0.9986
10705.200      1.0042     0.9986
10705.300      1.0039     0.9986
10705.400      1.0008     0.9985
10705.500      0.9981     0.9985
10705.600      0.9971     0.9985
10705.700      0.9992     0.9985
10705.800      1.0022     0.9984
10705.900      1.0035     0.9984
10706.000      1.0027     0.9983
10706.100      0.9996     0.9983
10706.200      0.9982     0.9982
10706.300      0.9996     0.9981
10706.400      0.9992     0.9979
10706.500      0.9976     0.9976
10706.600      0.9978     0.9966
10706.700      0.9980     0.9931
10706.800      0.9949     0.9813
10706.900      0.9918     0.9510
10707.000      0.9890     0.8943
10707.100      0.9903     0.8188
10707.200      0.9947     0.7505
10707.300      0.9971     0.7175
10707.400      0.9976     0.7338
10707.500      0.9963     0.7925
10707.600      0.9960     0.8689
10707.700      0.9984     0.9340
10707.800      0.9999     0.9733
10707.900      1.0000     0.9903
10708.000      0.9994     0.9958
10708.100      0.9986     0.9973
10708.200      1.0005     0.9978
10708.300      1.0025     0.9980
10708.400      1.0037     0.9981
10708.500      1.0043     0.9982
10708.600      1.0042     0.9983
10708.700      1.0036     0.9983
10708.800      1.0029     0.9984
10708.900      1.0027     0.9984
10709.000      1.0026     0.9984
10709.100      1.0020     0.9985
10709.200      1.0027     0.9985
10709.300      1.0058     0.9984
10709.400      1.0064     0.9984
10709.500      1.0047     0.9982
10709.600      1.0022     0.9979
10709.700      1.0000     0.9976
10709.800      1.0032     0.9977
10709.900      1.0058     0.9979
10710.000      1.0056     0.9982
10710.100      1.0033     0.9984
10710.200      1.0000     0.9985
10710.300      0.9965     0.9985
10710.400      0.9927     0.9985
10710.500      0.9845     0.9986
10710.600      0.9763     0.9986
10710.700      0.9692     0.9985
10710.800      0.9629     0.9983
10710.900      0.9573     0.9981
10711.000      0.9529     0.9978
10711.100      0.9494     0.9978
10711.200      0.9473     0.9980
10711.300      0.9449     0.9983
10711.400      0.9409     0.9985
10711.500      0.9387     0.9986
10711.600      0.9406     0.9986
10711.700      0.9450     0.9986
10711.800      0.9499     0.9986
10711.900      0.9536     0.9986
10712.000      0.9561     0.9986
10712.100      0.9574     0.9986
10712.200      0.9604     0.9986
10712.300      0.9672     0.9986
10712.400      0.9724     0.9986
10712.500      0.9762     0.9986
10712.600      0.9831     0.9986
10712.700      0.9909     0.9986
10712.800      0.9972     0.9985
10712.900      1.0016     0.9985
10713.000      1.0039     0.9983
10713.100      1.0063     0.9975
10713.200      1.0088     0.9954
10713.300      1.0111     0.9913
10713.400      1.0128     0.9859
10713.500      1.0089     0.9818
10713.600      1.0053     0.9820
10713.700      1.0054     0.9862
10713.800      1.0071     0.9916
10713.900      1.0093     0.9956
10714.000      1.0071     0.9976
10714.100      1.0022     0.9983
10714.200      1.0026     0.9984
10714.300      1.0032     0.9985
10714.400      0.9992     0.9984
10714.500      0.9972     0.9984
10714.600      0.9992     0.9984
10714.700      1.0009     0.9984
10714.800      1.0023     0.9985
10714.900      1.0042     0.9985
10715.000      1.0061     0.9985
10715.100      1.0063     0.9985
10715.200      1.0037     0.9985
10715.300      0.9977     0.9985
10715.400      0.9965     0.9985
10715.500      0.9999     0.9985
10715.600      1.0023     0.9985
10715.700      1.0028     0.9985
10715.800      0.9983     0.9985
10715.900      0.9948     0.9985
10716.000      0.9960     0.9985
10716.100      0.9980     0.9985
10716.200      1.0002     0.9985
10716.300      1.0006     0.9985
10716.400      0.9990     0.9985
10716.500      0.9964     0.9984
10716.600      0.9927     0.9983
10716.700      0.9880     0.9982
10716.800      0.9868     0.9982
10716.900      0.9918     0.9983
10717.000      0.9948     0.9984
10717.100      0.9941     0.9985
10717.200      0.9936     0.9984
10717.300      0.9935     0.9983
10717.400      0.9934     1.0000
10717.500      0.9933     1.0000
10717.600      0.9933     1.0000
10717.700      0.9932     1.0000
10717.800      0.9931     1.0000
10717.900      0.9930     1.0000
10718.000      0.9929     1.0000
