# t09572g430x+000m0                                           
# 97199962.kgf                                                
# data\m57.fits                                               
# xmin,xmax,dshft,yshift,fz:   9597.50  10083.50   0.00000   0.00000   1.00000
# vw,rp,ifabs:   0.0    28300.   0
#                                                                     
# wave(A)   obs.spec.  the.spec.  overplot1  overplot2  overplot3  overplot4
 9719.000      0.9445     1.0000
 9719.100      0.9478     1.0000
 9719.200      0.9511     1.0000
 9719.300      0.9544     1.0000
 9719.400      0.9577     1.0000
 9719.500      0.9610     1.0000
 9719.600      0.9643     0.9973
 9719.700      0.9676     0.9973
 9719.800      0.9709     0.9973
 9719.900      0.9742     0.9973
 9720.000      0.9775     0.9973
 9720.100      0.9808     0.9973
 9720.200      0.9841     0.9973
 9720.300      0.9874     0.9973
 9720.400      0.9907     0.9973
 9720.500      0.9940     0.9973
 9720.600      0.9973     0.9973
 9720.700      1.0006     0.9973
 9720.800      1.0012     0.9973
 9720.900      1.0016     0.9973
 9721.000      1.0054     0.9973
 9721.100      1.0081     0.9973
 9721.200      1.0075     0.9973
 9721.300      1.0023     0.9972
 9721.400      0.9971     0.9969
 9721.500      0.9952     0.9966
 9721.600      0.9981     0.9964
 9721.700      1.0030     0.9966
 9721.800      1.0051     0.9969
 9721.900      1.0055     0.9972
 9722.000      1.0043     0.9973
 9722.100      0.9998     0.9973
 9722.200      0.9942     0.9973
 9722.300      0.9889     0.9972
 9722.400      0.9886     0.9972
 9722.500      0.9969     0.9972
 9722.600      1.0055     0.9972
 9722.700      1.0130     0.9971
 9722.800      1.0091     0.9970
 9722.900      1.0043     0.9969
 9723.000      0.9992     0.9967
 9723.100      0.9942     0.9963
 9723.200      0.9891     0.9956
 9723.300      0.9842     0.9939
 9723.400      0.9858     0.9905
 9723.500      0.9935     0.9855
 9723.600      1.0018     0.9809
 9723.700      1.0073     0.9799
 9723.800      1.0049     0.9832
 9723.900      1.0027     0.9884
 9724.000      1.0014     0.9927
 9724.100      1.0039     0.9951
 9724.200      1.0064     0.9962
 9724.300      1.0081     0.9967
 9724.400      1.0079     0.9969
 9724.500      1.0052     0.9970
 9724.600      1.0001     0.9971
 9724.700      0.9957     0.9972
 9724.800      0.9925     0.9972
 9724.900      0.9894     0.9973
 9725.000      0.9858     0.9973
 9725.100      0.9770     0.9973
 9725.200      0.9649     0.9973
 9725.300      0.9467     0.9973
 9725.400      0.9001     0.9973
 9725.500      0.8123     0.9974
 9725.600      0.6860     0.9974
 9725.700      0.5923     0.9974
 9725.800      0.5751     0.9974
 9725.900      0.6701     0.9974
 9726.000      0.7693     0.9974
 9726.100      0.8570     0.9974
 9726.200      0.9141     0.9974
 9726.300      0.9448     0.9974
 9726.400      0.9641     0.9974
 9726.500      0.9748     0.9974
 9726.600      0.9772     0.9974
 9726.700      0.9645     0.9974
 9726.800      0.9253     0.9974
 9726.900      0.8413     0.9974
 9727.000      0.7537     0.9974
 9727.100      0.6653     0.9975
 9727.200      0.6509     0.9975
 9727.300      0.7106     0.9975
 9727.400      0.8171     0.9975
 9727.500      0.9085     0.9975
 9727.600      0.9655     0.9974
 9727.700      0.9872     0.9973
 9727.800      0.9989     0.9970
 9727.900      1.0068     0.9963
 9728.000      1.0104     0.9953
 9728.100      1.0106     0.9946
 9728.200      1.0067     0.9947
 9728.300      1.0055     0.9956
 9728.400      1.0098     0.9966
 9728.500      1.0099     0.9971
 9728.600      1.0046     0.9974
 9728.700      0.9955     0.9975
 9728.800      0.9893     0.9975
 9728.900      0.9873     0.9975
 9729.000      0.9793     0.9975
 9729.100      0.9640     0.9975
 9729.200      0.9433     0.9975
 9729.300      0.9326     0.9975
 9729.400      0.9432     0.9975
 9729.500      0.9699     0.9975
 9729.600      0.9952     0.9975
 9729.700      1.0046     0.9975
 9729.800      1.0075     0.9975
 9729.900      1.0041     0.9975
 9730.000      0.9890     0.9975
 9730.100      0.9674     0.9974
 9730.200      0.9430     0.9973
 9730.300      0.9275     0.9972
 9730.400      0.9264     0.9972
 9730.500      0.9385     0.9973
 9730.600      0.9558     0.9974
 9730.700      0.9749     0.9975
 9730.800      0.9895     0.9975
 9730.900      0.9941     0.9975
 9731.000      0.9827     0.9975
 9731.100      0.9707     0.9975
 9731.200      0.9586     0.9975
 9731.300      0.9586     0.9975
 9731.400      0.9644     0.9975
 9731.500      0.9717     0.9975
 9731.600      0.9808     0.9975
 9731.700      0.9905     0.9975
 9731.800      0.9994     0.9975
 9731.900      1.0063     0.9975
 9732.000      1.0089     0.9975
 9732.100      1.0092     0.9975
 9732.200      1.0078     0.9975
 9732.300      1.0043     0.9975
 9732.400      1.0005     0.9976
 9732.500      0.9966     0.9976
 9732.600      0.9934     0.9976
 9732.700      0.9903     0.9976
 9732.800      0.9770     0.9976
 9732.900      0.9341     0.9976
 9733.000      0.8614     0.9976
 9733.100      0.7873     0.9976
 9733.200      0.7208     0.9976
 9733.300      0.7395     0.9976
 9733.400      0.8078     0.9976
 9733.500      0.8930     0.9976
 9733.600      0.9445     0.9976
 9733.700      0.9645     0.9976
 9733.800      0.9655     0.9976
 9733.900      0.9671     0.9976
 9734.000      0.9713     0.9976
 9734.100      0.9858     0.9976
 9734.200      1.0000     0.9975
 9734.300      1.0073     0.9974
 9734.400      1.0052     0.9972
 9734.500      0.9999     0.9970
 9734.600      1.0003     0.9967
 9734.700      1.0041     0.9965
 9734.800      1.0095     0.9965
 9734.900      1.0120     0.9967
 9735.000      1.0112     0.9971
 9735.100      1.0084     0.9973
 9735.200      1.0059     0.9975
 9735.300      1.0037     0.9975
 9735.400      1.0009     0.9975
 9735.500      0.9979     0.9975
 9735.600      0.9958     0.9975
 9735.700      0.9946     0.9974
 9735.800      0.9938     0.9974
 9735.900      0.9917     0.9973
 9736.000      0.9901     0.9972
 9736.100      0.9910     0.9969
 9736.200      0.9925     0.9964
 9736.300      0.9945     0.9953
 9736.400      0.9979     0.9932
 9736.500      1.0012     0.9907
 9736.600      1.0035     0.9887
 9736.700      1.0024     0.9883
 9736.800      0.9933     0.9887
 9736.900      0.9637     0.9887
 9737.000      0.9292     0.9884
 9737.100      0.8913     0.9887
 9737.200      0.8467     0.9893
 9737.300      0.7824     0.9888
 9737.400      0.6631     0.9873
 9737.500      0.5574     0.9865
 9737.600      0.5066     0.9874
 9737.700      0.5809     0.9893
 9737.800      0.6956     0.9919
 9737.900      0.8197     0.9945
 9738.000      0.9081     0.9963
 9738.100      0.9437     0.9969
 9738.200      0.9560     0.9959
 9738.300      0.9587     0.9922
 9738.400      0.9549     0.9847
 9738.500      0.9377     0.9769
 9738.600      0.8977     0.9757
 9738.700      0.8090     0.9823
 9738.800      0.7085     0.9905
 9738.900      0.6044     0.9954
 9739.000      0.5790     0.9971
 9739.100      0.5891     0.9974
 9739.200      0.6005     0.9974
 9739.300      0.6118     0.9968
 9739.400      0.6230     0.9951
 9739.500      0.6626     0.9918
 9739.600      0.7073     0.9873
 9739.700      0.7334     0.9829
 9739.800      0.7610     0.9795
 9739.900      0.7953     0.9792
 9740.000      0.8538     0.9834
 9740.100      0.9086     0.9898
 9740.200      0.9209     0.9946
 9740.300      0.8969     0.9968
 9740.400      0.8617     0.9974
 9740.500      0.8583     0.9976
 9740.600      0.8815     0.9976
 9740.700      0.9197     0.9977
 9740.800      0.9372     0.9977
 9740.900      0.9334     0.9977
 9741.000      0.9202     0.9976
 9741.100      0.9188     0.9974
 9741.200      0.9363     0.9970
 9741.300      0.9537     0.9967
 9741.400      0.9686     0.9967
 9741.500      0.9653     0.9969
 9741.600      0.9633     0.9966
 9741.700      0.9652     0.9950
 9741.800      0.9742     0.9917
 9741.900      0.9857     0.9883
 9742.000      0.9980     0.9877
 9742.100      1.0079     0.9905
 9742.200      1.0115     0.9942
 9742.300      1.0047     0.9965
 9742.400      0.9974     0.9974
 9742.500      0.9926     0.9976
 9742.600      0.9951     0.9975
 9742.700      1.0009     0.9974
 9742.800      1.0029     0.9972
 9742.900      1.0021     0.9970
 9743.000      0.9998     0.9969
 9743.100      0.9986     0.9968
 9743.200      0.9984     0.9967
 9743.300      0.9989     0.9966
 9743.400      0.9982     0.9966
 9743.500      0.9958     0.9967
 9743.600      0.9947     0.9969
 9743.700      0.9946     0.9972
 9743.800      0.9950     0.9974
 9743.900      0.9926     0.9976
 9744.000      0.9844     0.9976
 9744.100      0.9719     0.9976
 9744.200      0.9599     0.9976
 9744.300      0.9543     0.9976
 9744.400      0.9579     0.9976
 9744.500      0.9666     0.9976
 9744.600      0.9764     0.9977
 9744.700      0.9849     0.9977
 9744.800      0.9881     0.9977
 9744.900      0.9884     0.9977
 9745.000      0.9862     0.9977
 9745.100      0.9811     0.9977
 9745.200      0.9737     0.9977
 9745.300      0.9636     0.9977
 9745.400      0.9499     0.9977
 9745.500      0.9285     0.9977
 9745.600      0.8834     0.9977
 9745.700      0.7995     0.9977
 9745.800      0.6691     0.9977
 9745.900      0.4993     0.9977
 9746.000      0.3369     0.9976
 9746.100      0.2913     0.9974
 9746.200      0.3843     0.9972
 9746.300      0.5370     0.9968
 9746.400      0.6894     0.9961
 9746.500      0.8267     0.9948
 9746.600      0.8985     0.9933
 9746.700      0.9350     0.9925
 9746.800      0.9533     0.9928
 9746.900      0.9609     0.9941
 9747.000      0.9657     0.9955
 9747.100      0.9691     0.9964
 9747.200      0.9705     0.9967
 9747.300      0.9687     0.9969
 9747.400      0.9611     0.9971
 9747.500      0.9550     0.9973
 9747.600      0.9545     0.9969
 9747.700      0.9625     0.9956
 9747.800      0.9721     0.9937
 9747.900      0.9814     0.9926
 9748.000      0.9879     0.9935
 9748.100      0.9920     0.9954
 9748.200      0.9979     0.9970
 9748.300      1.0038     0.9976
 9748.400      1.0068     0.9978
 9748.500      1.0064     0.9978
 9748.600      1.0049     0.9978
 9748.700      1.0074     0.9978
 9748.800      1.0096     0.9978
 9748.900      1.0086     0.9978
 9749.000      1.0047     0.9978
 9749.100      1.0000     0.9978
 9749.200      0.9998     0.9978
 9749.300      1.0002     0.9978
 9749.400      1.0009     0.9978
 9749.500      0.9996     0.9978
 9749.600      0.9978     0.9978
 9749.700      0.9980     0.9978
 9749.800      0.9994     0.9978
 9749.900      1.0013     0.9979
 9750.000      1.0009     0.9979
 9750.100      0.9969     0.9979
 9750.200      0.9885     0.9979
 9750.300      0.9782     0.9978
 9750.400      0.9676     0.9977
 9750.500      0.9694     0.9973
 9750.600      0.9765     0.9967
 9750.700      0.9851     0.9961
 9750.800      0.9920     0.9961
 9750.900      0.9943     0.9967
 9751.000      0.9889     0.9973
 9751.100      0.9787     0.9977
 9751.200      0.9645     0.9978
 9751.300      0.9462     0.9979
 9751.400      0.9196     0.9979
 9751.500      0.8619     0.9979
 9751.600      0.7466     0.9979
 9751.700      0.5880     0.9979
 9751.800      0.4413     0.9979
 9751.900      0.3381     0.9979
 9752.000      0.3829     0.9979
 9752.100      0.5186     0.9979
 9752.200      0.6847     0.9979
 9752.300      0.8121     0.9979
 9752.400      0.8930     0.9979
 9752.500      0.9332     0.9979
 9752.600      0.9546     0.9979
 9752.700      0.9685     0.9979
 9752.800      0.9793     0.9979
 9752.900      0.9870     0.9979
 9753.000      0.9920     0.9979
 9753.100      0.9952     0.9979
 9753.200      0.9965     0.9979
 9753.300      0.9946     0.9979
 9753.400      0.9949     0.9979
 9753.500      0.9990     0.9979
 9753.600      0.9987     0.9979
 9753.700      0.9970     0.9979
 9753.800      0.9995     0.9979
 9753.900      1.0019     0.9979
 9754.000      1.0042     0.9979
 9754.100      1.0051     0.9978
 9754.200      1.0055     0.9978
 9754.300      1.0061     0.9978
 9754.400      1.0074     0.9978
 9754.500      1.0092     0.9979
 9754.600      1.0097     0.9979
 9754.700      1.0096     0.9979
 9754.800      1.0092     0.9979
 9754.900      1.0079     0.9979
 9755.000      1.0044     0.9979
 9755.100      0.9906     0.9979
 9755.200      0.9766     0.9979
 9755.300      0.9658     0.9979
 9755.400      0.9675     0.9979
 9755.500      0.9742     0.9978
 9755.600      0.9786     0.9977
 9755.700      0.9778     0.9976
 9755.800      0.9676     0.9974
 9755.900      0.9518     0.9975
 9756.000      0.9230     0.9977
 9756.100      0.8482     0.9978
 9756.200      0.7200     0.9979
 9756.300      0.5660     0.9979
 9756.400      0.4844     0.9979
 9756.500      0.5126     0.9979
 9756.600      0.6468     0.9979
 9756.700      0.7755     0.9979
 9756.800      0.8841     0.9979
 9756.900      0.9351     0.9979
 9757.000      0.9627     0.9979
 9757.100      0.9799     0.9979
 9757.200      0.9882     0.9979
 9757.300      0.9904     0.9979
 9757.400      0.9881     0.9979
 9757.500      0.9817     0.9978
 9757.600      0.9710     0.9976
 9757.700      0.9523     0.9971
 9757.800      0.9321     0.9965
 9757.900      0.9244     0.9961
 9758.000      0.9316     0.9964
 9758.100      0.9471     0.9971
 9758.200      0.9571     0.9976
 9758.300      0.9533     0.9979
 9758.400      0.9268     0.9979
 9758.500      0.9028     0.9979
 9758.600      0.8892     0.9979
 9758.700      0.9076     0.9980
 9758.800      0.9297     0.9980
 9758.900      0.9493     0.9980
 9759.000      0.9646     0.9980
 9759.100      0.9737     0.9980
 9759.200      0.9756     0.9980
 9759.300      0.9689     0.9980
 9759.400      0.9564     0.9980
 9759.500      0.9439     0.9980
 9759.600      0.9314     0.9979
 9759.700      0.9178     0.9979
 9759.800      0.8960     0.9978
 9759.900      0.8411     0.9978
 9760.000      0.7174     0.9978
 9760.100      0.5751     0.9979
 9760.200      0.4318     0.9979
 9760.300      0.3450     0.9979
 9760.400      0.3924     0.9979
 9760.500      0.5494     0.9979
 9760.600      0.7129     0.9979
 9760.700      0.8254     0.9979
 9760.800      0.8802     0.9980
 9760.900      0.8921     0.9980
 9761.000      0.8805     0.9980
 9761.100      0.8720     0.9980
 9761.200      0.8835     0.9980
 9761.300      0.9106     0.9980
 9761.400      0.9418     0.9980
 9761.500      0.9543     0.9980
 9761.600      0.9593     0.9980
 9761.700      0.9613     0.9980
 9761.800      0.9634     0.9980
 9761.900      0.9659     0.9980
 9762.000      0.9754     0.9980
 9762.100      0.9842     0.9980
 9762.200      0.9906     0.9980
 9762.300      0.9921     0.9980
 9762.400      0.9927     0.9980
 9762.500      0.9945     0.9980
 9762.600      0.9959     0.9980
 9762.700      0.9964     0.9979
 9762.800      0.9953     0.9979
 9762.900      0.9946     0.9978
 9763.000      0.9960     0.9977
 9763.100      0.9967     0.9971
 9763.200      0.9955     0.9956
 9763.300      0.9900     0.9932
 9763.400      0.9856     0.9916
 9763.500      0.9850     0.9922
 9763.600      0.9849     0.9944
 9763.700      0.9847     0.9959
 9763.800      0.9710     0.9963
 9763.900      0.9563     0.9963
 9764.000      0.9409     0.9966
 9764.100      0.9161     0.9972
 9764.200      0.8800     0.9976
 9764.300      0.8350     0.9977
 9764.400      0.8076     0.9977
 9764.500      0.8209     0.9978
 9764.600      0.8651     0.9979
 9764.700      0.9104     0.9980
 9764.800      0.9334     0.9980
 9764.900      0.9360     0.9980
 9765.000      0.9100     0.9980
 9765.100      0.8377     0.9980
 9765.200      0.7271     0.9980
 9765.300      0.5940     0.9980
 9765.400      0.4935     0.9980
 9765.500      0.4633     0.9979
 9765.600      0.5342     0.9979
 9765.700      0.6194     0.9979
 9765.800      0.7082     0.9978
 9765.900      0.7694     0.9979
 9766.000      0.8182     0.9979
 9766.100      0.8683     0.9979
 9766.200      0.9160     0.9980
 9766.300      0.9523     0.9980
 9766.400      0.9671     0.9980
 9766.500      0.9644     0.9980
 9766.600      0.9509     0.9980
 9766.700      0.9368     0.9980
 9766.800      0.9226     0.9980
 9766.900      0.9191     0.9980
 9767.000      0.9293     0.9978
 9767.100      0.9505     0.9975
 9767.200      0.9679     0.9972
 9767.300      0.9757     0.9972
 9767.400      0.9678     0.9974
 9767.500      0.9593     0.9977
 9767.600      0.9513     0.9979
 9767.700      0.9336     0.9980
 9767.800      0.8920     0.9980
 9767.900      0.7967     0.9980
 9768.000      0.7118     0.9978
 9768.100      0.6776     0.9974
 9768.200      0.7306     0.9966
 9768.300      0.8074     0.9960
 9768.400      0.8854     0.9960
 9768.500      0.9466     0.9967
 9768.600      0.9740     0.9975
 9768.700      0.9859     0.9979
 9768.800      0.9916     0.9980
 9768.900      0.9943     0.9980
 9769.000      0.9952     0.9980
 9769.100      0.9950     0.9980
 9769.200      0.9932     0.9980
 9769.300      0.9926     0.9980
 9769.400      0.9963     0.9980
 9769.500      0.9976     0.9980
 9769.600      0.9966     0.9980
 9769.700      0.9950     0.9980
 9769.800      0.9951     0.9980
 9769.900      0.9986     0.9980
 9770.000      0.9965     0.9980
 9770.100      0.9918     0.9980
 9770.200      0.9880     0.9979
 9770.300      0.9849     0.9979
 9770.400      0.9826     0.9980
 9770.500      0.9826     0.9980
 9770.600      0.9829     0.9980
 9770.700      0.9818     0.9980
 9770.800      0.9778     0.9980
 9770.900      0.9663     0.9980
 9771.000      0.9309     0.9980
 9771.100      0.8924     0.9980
 9771.200      0.8638     0.9980
 9771.300      0.8653     0.9980
 9771.400      0.8946     0.9980
 9771.500      0.9348     0.9980
 9771.600      0.9712     0.9980
 9771.700      0.9902     0.9980
 9771.800      0.9973     0.9980
 9771.900      0.9985     0.9980
 9772.000      0.9965     0.9980
 9772.100      0.9959     0.9980
 9772.200      0.9983     0.9980
 9772.300      1.0015     0.9980
 9772.400      1.0045     0.9981
 9772.500      1.0040     0.9981
 9772.600      1.0045     0.9981
 9772.700      1.0063     0.9981
 9772.800      1.0068     0.9981
 9772.900      1.0059     0.9980
 9773.000      1.0039     0.9980
 9773.100      1.0042     0.9980
 9773.200      1.0064     0.9980
 9773.300      1.0041     0.9980
 9773.400      1.0021     0.9980
 9773.500      1.0034     0.9980
 9773.600      1.0035     0.9980
 9773.700      1.0026     0.9980
 9773.800      1.0058     0.9980
 9773.900      1.0081     0.9981
 9774.000      1.0079     0.9981
 9774.100      1.0070     0.9981
 9774.200      1.0059     0.9981
 9774.300      1.0056     0.9981
 9774.400      1.0064     0.9981
 9774.500      1.0079     0.9981
 9774.600      1.0060     0.9981
 9774.700      1.0018     0.9981
 9774.800      0.9969     0.9981
 9774.900      0.9959     0.9981
 9775.000      0.9993     0.9981
 9775.100      1.0026     0.9981
 9775.200      1.0053     0.9981
 9775.300      1.0052     0.9981
 9775.400      1.0060     0.9981
 9775.500      1.0075     0.9981
 9775.600      1.0053     0.9981
 9775.700      1.0007     0.9981
 9775.800      0.9950     0.9981
 9775.900      0.9898     0.9981
 9776.000      0.9849     0.9981
 9776.100      0.9646     0.9981
 9776.200      0.9147     0.9981
 9776.300      0.8383     0.9980
 9776.400      0.7656     0.9980
 9776.500      0.7100     0.9976
 9776.600      0.7486     0.9966
 9776.700      0.8155     0.9948
 9776.800      0.8904     0.9926
 9776.900      0.9290     0.9916
 9777.000      0.9442     0.9926
 9777.100      0.9510     0.9948
 9777.200      0.9622     0.9966
 9777.300      0.9777     0.9975
 9777.400      0.9900     0.9979
 9777.500      0.9980     0.9980
 9777.600      1.0011     0.9980
 9777.700      0.9997     0.9980
 9777.800      0.9970     0.9981
 9777.900      0.9959     0.9981
 9778.000      0.9969     0.9980
 9778.100      0.9996     0.9980
 9778.200      1.0010     0.9979
 9778.300      1.0014     0.9979
 9778.400      1.0015     0.9978
 9778.500      1.0011     0.9979
 9778.600      0.9997     0.9980
 9778.700      0.9978     0.9981
 9778.800      0.9958     0.9981
 9778.900      0.9942     0.9981
 9779.000      0.9862     0.9981
 9779.100      0.9572     0.9980
 9779.200      0.8966     0.9980
 9779.300      0.8333     0.9981
 9779.400      0.7922     0.9981
 9779.500      0.8064     0.9981
 9779.600      0.8571     0.9981
 9779.700      0.9129     0.9981
 9779.800      0.9618     0.9981
 9779.900      0.9841     0.9981
 9780.000      0.9979     0.9981
 9780.100      1.0051     0.9980
 9780.200      1.0022     0.9980
 9780.300      0.9994     0.9980
 9780.400      0.9979     0.9980
 9780.500      0.9988     0.9979
 9780.600      1.0002     0.9979
 9780.700      1.0017     0.9978
 9780.800      1.0025     0.9977
 9780.900      1.0015     0.9975
 9781.000      0.9987     0.9975
 9781.100      0.9928     0.9977
 9781.200      0.9821     0.9979
 9781.300      0.9717     0.9980
 9781.400      0.9626     0.9981
 9781.500      0.9584     0.9981
 9781.600      0.9501     0.9981
 9781.700      0.9082     0.9981
 9781.800      0.8280     0.9981
 9781.900      0.7342     0.9981
 9782.000      0.6895     0.9981
 9782.100      0.7160     0.9981
 9782.200      0.8019     0.9981
 9782.300      0.8835     0.9981
 9782.400      0.9519     0.9981
 9782.500      0.9740     0.9981
 9782.600      0.9836     0.9981
 9782.700      0.9891     0.9981
 9782.800      0.9947     0.9981
 9782.900      0.9997     0.9981
 9783.000      0.9989     0.9981
 9783.100      0.9934     0.9980
 9783.200      0.9859     0.9980
 9783.300      0.9812     0.9979
 9783.400      0.9816     0.9979
 9783.500      0.9882     0.9979
 9783.600      0.9932     0.9980
 9783.700      0.9955     0.9980
 9783.800      0.9970     0.9979
 9783.900      0.9972     0.9978
 9784.000      0.9953     0.9978
 9784.100      0.9893     0.9978
 9784.200      0.9805     0.9977
 9784.300      0.9709     0.9972
 9784.400      0.9589     0.9966
 9784.500      0.9389     0.9961
 9784.600      0.8931     0.9963
 9784.700      0.8012     0.9969
 9784.800      0.6408     0.9975
 9784.900      0.4940     0.9978
 9785.000      0.4113     0.9980
 9785.100      0.4665     0.9980
 9785.200      0.5898     0.9981
 9785.300      0.7367     0.9981
 9785.400      0.8522     0.9981
 9785.500      0.9077     0.9981
 9785.600      0.9261     0.9981
 9785.700      0.9389     0.9981
 9785.800      0.9506     0.9981
 9785.900      0.9625     0.9980
 9786.000      0.9745     0.9980
 9786.100      0.9834     0.9978
 9786.200      0.9897     0.9977
 9786.300      0.9939     0.9975
 9786.400      0.9970     0.9969
 9786.500      0.9993     0.9952
 9786.600      1.0015     0.9925
 9786.700      1.0025     0.9901
 9786.800      1.0023     0.9896
 9786.900      1.0045     0.9916
 9787.000      1.0076     0.9944
 9787.100      1.0106     0.9964
 9787.200      1.0102     0.9973
 9787.300      1.0055     0.9976
 9787.400      1.0036     0.9977
 9787.500      1.0022     0.9978
 9787.600      1.0007     0.9979
 9787.700      0.9991     0.9979
 9787.800      0.9978     0.9979
 9787.900      0.9983     0.9975
 9788.000      0.9984     0.9963
 9788.100      0.9967     0.9941
 9788.200      0.9952     0.9920
 9788.300      0.9937     0.9914
 9788.400      0.9917     0.9928
 9788.500      0.9889     0.9949
 9788.600      0.9853     0.9961
 9788.700      0.9854     0.9963
 9788.800      0.9886     0.9963
 9788.900      0.9930     0.9967
 9789.000      0.9957     0.9974
 9789.100      0.9941     0.9978
 9789.200      0.9909     0.9980
 9789.300      0.9840     0.9980
 9789.400      0.9630     0.9980
 9789.500      0.9128     0.9981
 9789.600      0.8444     0.9981
 9789.700      0.7914     0.9981
 9789.800      0.7794     0.9981
 9789.900      0.8345     0.9980
 9790.000      0.8963     0.9978
 9790.100      0.9591     0.9976
 9790.200      0.9846     0.9975
 9790.300      0.9968     0.9976
 9790.400      1.0032     0.9978
 9790.500      1.0023     0.9980
 9790.600      0.9998     0.9981
 9790.700      1.0044     0.9981
 9790.800      1.0083     0.9981
 9790.900      1.0094     0.9981
 9791.000      1.0076     0.9981
 9791.100      1.0051     0.9981
 9791.200      1.0028     0.9981
 9791.300      0.9969     0.9981
 9791.400      0.9865     0.9981
 9791.500      0.9765     0.9981
 9791.600      0.9690     0.9981
 9791.700      0.9713     0.9981
 9791.800      0.9727     0.9980
 9791.900      0.9719     0.9980
 9792.000      0.9684     0.9980
 9792.100      0.9690     0.9980
 9792.200      0.9830     0.9980
 9792.300      0.9927     0.9980
 9792.400      0.9934     0.9980
 9792.500      0.9837     0.9980
 9792.600      0.9770     0.9980
 9792.700      0.9780     0.9980
 9792.800      0.9796     0.9980
 9792.900      0.9811     0.9981
 9793.000      0.9752     0.9981
 9793.100      0.9619     0.9981
 9793.200      0.9351     0.9981
 9793.300      0.8652     0.9981
 9793.400      0.7630     0.9981
 9793.500      0.6439     0.9981
 9793.600      0.5663     0.9981
 9793.700      0.5882     0.9981
 9793.800      0.6988     0.9981
 9793.900      0.8140     0.9981
 9794.000      0.8900     0.9981
 9794.100      0.9249     0.9981
 9794.200      0.9406     0.9981
 9794.300      0.9532     0.9981
 9794.400      0.9652     0.9981
 9794.500      0.9768     0.9981
 9794.600      0.9823     0.9981
 9794.700      0.9810     0.9981
 9794.800      0.9762     0.9980
 9794.900      0.9697     0.9981
 9795.000      0.9616     0.9981
 9795.100      0.9383     0.9981
 9795.200      0.9098     0.9981
 9795.300      0.8928     0.9981
 9795.400      0.8873     0.9981
 9795.500      0.8878     0.9981
 9795.600      0.8529     0.9981
 9795.700      0.7639     0.9980
 9795.800      0.6228     0.9978
 9795.900      0.5089     0.9976
 9796.000      0.4763     0.9975
 9796.100      0.5818     0.9976
 9796.200      0.7009     0.9978
 9796.300      0.8112     0.9980
 9796.400      0.8834     0.9979
 9796.500      0.9213     0.9976
 9796.600      0.9501     0.9965
 9796.700      0.9680     0.9948
 9796.800      0.9760     0.9935
 9796.900      0.9766     0.9939
 9797.000      0.9759     0.9955
 9797.100      0.9768     0.9970
 9797.200      0.9793     0.9977
 9797.300      0.9827     0.9978
 9797.400      0.9856     0.9978
 9797.500      0.9863     0.9976
 9797.600      0.9733     0.9975
 9797.700      0.9496     0.9976
 9797.800      0.9215     0.9978
 9797.900      0.9083     0.9979
 9798.000      0.9147     0.9980
 9798.100      0.9380     0.9977
 9798.200      0.9586     0.9968
 9798.300      0.9729     0.9943
 9798.400      0.9785     0.9903
 9798.500      0.9837     0.9865
 9798.600      0.9896     0.9860
 9798.700      0.9920     0.9892
 9798.800      0.9898     0.9934
 9798.900      0.9848     0.9963
 9799.000      0.9826     0.9976
 9799.100      0.9869     0.9980
 9799.200      0.9925     0.9981
 9799.300      0.9978     0.9981
 9799.400      0.9967     0.9981
 9799.500      0.9972     0.9981
 9799.600      0.9996     0.9981
 9799.700      1.0001     0.9981
 9799.800      0.9997     0.9980
 9799.900      0.9992     0.9978
 9800.000      0.9971     0.9970
 9800.100      0.9938     0.9949
 9800.200      0.9921     0.9920
 9800.300      0.9913     0.9904
 9800.400      0.9913     0.9917
 9800.500      0.9934     0.9946
 9800.600      0.9965     0.9968
 9800.700      0.9933     0.9977
 9800.800      0.9899     0.9979
 9800.900      0.9879     0.9980
 9801.000      0.9870     0.9980
 9801.100      0.9865     0.9981
 9801.200      0.9856     0.9981
 9801.300      0.9842     0.9981
 9801.400      0.9815     0.9981
 9801.500      0.9765     0.9980
 9801.600      0.9669     0.9980
 9801.700      0.9434     0.9980
 9801.800      0.8791     0.9980
 9801.900      0.7841     0.9981
 9802.000      0.6972     0.9981
 9802.100      0.6456     0.9981
 9802.200      0.6998     0.9981
 9802.300      0.7936     0.9981
 9802.400      0.8962     0.9981
 9802.500      0.9516     0.9981
 9802.600      0.9741     0.9981
 9802.700      0.9799     0.9981
 9802.800      0.9846     0.9981
 9802.900      0.9883     0.9980
 9803.000      0.9896     0.9978
 9803.100      0.9878     0.9978
 9803.200      0.9840     0.9978
 9803.300      0.9810     0.9978
 9803.400      0.9790     0.9979
 9803.500      0.9779     0.9980
 9803.600      0.9755     0.9980
 9803.700      0.9676     0.9981
 9803.800      0.9528     0.9981
 9803.900      0.9215     0.9981
 9804.000      0.8473     0.9981
 9804.100      0.7315     0.9981
 9804.200      0.5989     0.9981
 9804.300      0.5331     0.9981
 9804.400      0.5651     0.9981
 9804.500      0.6867     0.9981
 9804.600      0.7983     0.9981
 9804.700      0.8831     0.9981
 9804.800      0.9214     0.9981
 9804.900      0.9479     0.9981
 9805.000      0.9692     0.9981
 9805.100      0.9818     0.9981
 9805.200      0.9863     0.9981
 9805.300      0.9848     0.9981
 9805.400      0.9764     0.9981
 9805.500      0.9575     0.9981
 9805.600      0.9053     0.9981
 9805.700      0.8440     0.9981
 9805.800      0.7897     0.9981
 9805.900      0.7753     0.9981
 9806.000      0.8185     0.9981
 9806.100      0.8840     0.9981
 9806.200      0.9469     0.9981
 9806.300      0.9770     0.9981
 9806.400      0.9871     0.9981
 9806.500      0.9887     0.9981
 9806.600      0.9875     0.9981
 9806.700      0.9867     0.9981
 9806.800      0.9882     0.9980
 9806.900      0.9916     0.9978
 9807.000      0.9954     0.9976
 9807.100      0.9979     0.9976
 9807.200      0.9996     0.9977
 9807.300      1.0007     0.9979
 9807.400      1.0014     0.9980
 9807.500      1.0010     0.9980
 9807.600      0.9928     0.9980
 9807.700      0.9844     0.9980
 9807.800      0.9759     0.9978
 9807.900      0.9737     0.9977
 9808.000      0.9781     0.9977
 9808.100      0.9866     0.9978
 9808.200      0.9943     0.9979
 9808.300      0.9996     0.9980
 9808.400      1.0021     0.9980
 9808.500      1.0006     0.9980
 9808.600      0.9950     0.9980
 9808.700      0.9880     0.9980
 9808.800      0.9808     0.9980
 9808.900      0.9830     0.9980
 9809.000      0.9882     0.9980
 9809.100      0.9944     0.9980
 9809.200      0.9981     0.9981
 9809.300      1.0004     0.9981
 9809.400      1.0045     0.9981
 9809.500      1.0078     0.9980
 9809.600      1.0080     0.9976
 9809.700      1.0055     0.9965
 9809.800      1.0026     0.9944
 9809.900      1.0017     0.9918
 9810.000      1.0020     0.9905
 9810.100      1.0028     0.9916
 9810.200      1.0019     0.9942
 9810.300      1.0000     0.9964
 9810.400      0.9977     0.9975
 9810.500      0.9950     0.9979
 9810.600      0.9917     0.9980
 9810.700      0.9859     0.9981
 9810.800      0.9792     0.9980
 9810.900      0.9720     0.9979
 9811.000      0.9617     0.9971
 9811.100      0.9498     0.9951
 9811.200      0.9484     0.9919
 9811.300      0.9589     0.9897
 9811.400      0.9778     0.9906
 9811.500      0.9918     0.9936
 9811.600      0.9992     0.9963
 9811.700      1.0013     0.9975
 9811.800      1.0023     0.9976
 9811.900      1.0026     0.9970
 9812.000      0.9993     0.9961
 9812.100      0.9953     0.9957
 9812.200      0.9946     0.9962
 9812.300      0.9963     0.9971
 9812.400      0.9989     0.9977
 9812.500      0.9992     0.9980
 9812.600      0.9954     0.9981
 9812.700      0.9873     0.9981
 9812.800      0.9796     0.9981
 9812.900      0.9737     0.9981
 9813.000      0.9818     0.9981
 9813.100      0.9908     0.9981
 9813.200      0.9972     0.9981
 9813.300      0.9984     0.9980
 9813.400      0.9975     0.9980
 9813.500      0.9989     0.9979
 9813.600      1.0004     0.9976
 9813.700      1.0016     0.9966
 9813.800      1.0002     0.9944
 9813.900      0.9980     0.9914
 9814.000      0.9970     0.9896
 9814.100      0.9975     0.9904
 9814.200      0.9989     0.9931
 9814.300      0.9988     0.9958
 9814.400      0.9959     0.9973
 9814.500      0.9882     0.9978
 9814.600      0.9732     0.9979
 9814.700      0.9548     0.9978
 9814.800      0.9434     0.9973
 9814.900      0.9444     0.9967
 9815.000      0.9583     0.9963
 9815.100      0.9718     0.9966
 9815.200      0.9836     0.9973
 9815.300      0.9873     0.9977
 9815.400      0.9896     0.9979
 9815.500      0.9914     0.9980
 9815.600      0.9912     0.9980
 9815.700      0.9849     0.9979
 9815.800      0.9480     0.9978
 9815.900      0.8993     0.9978
 9816.000      0.8467     0.9977
 9816.100      0.8323     0.9978
 9816.200      0.8601     0.9978
 9816.300      0.9156     0.9978
 9816.400      0.9625     0.9977
 9816.500      0.9876     0.9978
 9816.600      0.9927     0.9979
 9816.700      0.9946     0.9980
 9816.800      0.9962     0.9980
 9816.900      0.9979     0.9980
 9817.000      0.9999     0.9980
 9817.100      1.0013     0.9980
 9817.200      1.0027     0.9980
 9817.300      1.0042     0.9980
 9817.400      1.0026     0.9980
 9817.500      0.9989     0.9980
 9817.600      0.9984     0.9980
 9817.700      0.9978     0.9979
 9817.800      0.9972     0.9979
 9817.900      0.9928     0.9977
 9818.000      0.9808     0.9975
 9818.100      0.9583     0.9971
 9818.200      0.9377     0.9968
 9818.300      0.9257     0.9967
 9818.400      0.9370     0.9969
 9818.500      0.9530     0.9973
 9818.600      0.9646     0.9976
 9818.700      0.9668     0.9978
 9818.800      0.9633     0.9979
 9818.900      0.9615     0.9979
 9819.000      0.9592     0.9979
 9819.100      0.9541     0.9980
 9819.200      0.9577     0.9980
 9819.300      0.9694     0.9980
 9819.400      0.9825     0.9980
 9819.500      0.9934     0.9980
 9819.600      0.9979     0.9979
 9819.700      1.0011     0.9979
 9819.800      1.0026     0.9979
 9819.900      0.9970     0.9978
 9820.000      0.9811     0.9978
 9820.100      0.9533     0.9978
 9820.200      0.9163     0.9978
 9820.300      0.8813     0.9979
 9820.400      0.8881     0.9979
 9820.500      0.9184     0.9978
 9820.600      0.9570     0.9978
 9820.700      0.9863     0.9979
 9820.800      1.0040     0.9978
 9820.900      1.0102     0.9977
 9821.000      1.0033     0.9976
 9821.100      0.9917     0.9974
 9821.200      0.9855     0.9973
 9821.300      0.9868     0.9968
 9821.400      0.9941     0.9956
 9821.500      0.9977     0.9937
 9821.600      0.9989     0.9926
 9821.700      1.0003     0.9932
 9821.800      1.0010     0.9950
 9821.900      1.0002     0.9966
 9822.000      0.9996     0.9974
 9822.100      0.9998     0.9976
 9822.200      1.0020     0.9975
 9822.300      1.0050     0.9968
 9822.400      1.0083     0.9943
 9822.500      1.0104     0.9883
 9822.600      1.0121     0.9791
 9822.700      1.0138     0.9717
 9822.800      1.0128     0.9719
 9822.900      1.0084     0.9795
 9823.000      1.0032     0.9885
 9823.100      1.0002     0.9944
 9823.200      1.0047     0.9968
 9823.300      1.0088     0.9975
 9823.400      1.0110     0.9976
 9823.500      1.0060     0.9976
 9823.600      1.0009     0.9976
 9823.700      0.9980     0.9976
 9823.800      1.0000     0.9975
 9823.900      1.0037     0.9975
 9824.000      0.9969     0.9974
 9824.100      0.9699     0.9974
 9824.200      0.9259     0.9973
 9824.300      0.8881     0.9972
 9824.400      0.8677     0.9971
 9824.500      0.8891     0.9970
 9824.600      0.9233     0.9968
 9824.700      0.9608     0.9966
 9824.800      0.9847     0.9963
 9824.900      0.9970     0.9959
 9825.000      1.0026     0.9953
 9825.100      1.0052     0.9946
 9825.200      1.0049     0.9933
 9825.300      0.9982     0.9912
 9825.400      0.9920     0.9872
 9825.500      0.9916     0.9798
 9825.600      0.9959     0.9680
 9825.700      1.0014     0.9537
 9825.800      0.9976     0.9421
 9825.900      0.9902     0.9386
 9826.000      0.9808     0.9440
 9826.100      0.9688     0.9553
 9826.200      0.9566     0.9680
 9826.300      0.9523     0.9788
 9826.400      0.9569     0.9862
 9826.500      0.9669     0.9904
 9826.600      0.9754     0.9928
 9826.700      0.9812     0.9942
 9826.800      0.9825     0.9951
 9826.900      0.9817     0.9957
 9827.000      0.9779     0.9961
 9827.100      0.9541     0.9964
 9827.200      0.9144     0.9967
 9827.300      0.8659     0.9969
 9827.400      0.8379     0.9970
 9827.500      0.8469     0.9971
 9827.600      0.8875     0.9972
 9827.700      0.9224     0.9972
 9827.800      0.9141     0.9971
 9827.900      0.8412     0.9967
 9828.000      0.7471     0.9961
 9828.100      0.6772     0.9957
 9828.200      0.6746     0.9958
 9828.300      0.7522     0.9964
 9828.400      0.8420     0.9971
 9828.500      0.9284     0.9974
 9828.600      0.9535     0.9976
 9828.700      0.9468     0.9977
 9828.800      0.9235     0.9977
 9828.900      0.8918     0.9977
 9829.000      0.8644     0.9977
 9829.100      0.8734     0.9978
 9829.200      0.9054     0.9978
 9829.300      0.9446     0.9978
 9829.400      0.9623     0.9978
 9829.500      0.9689     0.9978
 9829.600      0.9713     0.9978
 9829.700      0.9742     0.9977
 9829.800      0.9781     0.9976
 9829.900      0.9832     0.9975
 9830.000      0.9880     0.9974
 9830.100      0.9916     0.9974
 9830.200      0.9915     0.9975
 9830.300      0.9901     0.9976
 9830.400      0.9897     0.9978
 9830.500      0.9889     0.9978
 9830.600      0.9875     0.9978
 9830.700      0.9910     0.9978
 9830.800      0.9959     0.9978
 9830.900      1.0000     0.9978
 9831.000      0.9991     0.9978
 9831.100      0.9941     0.9978
 9831.200      0.9954     0.9978
 9831.300      0.9978     0.9978
 9831.400      0.9983     0.9978
 9831.500      0.9965     0.9978
 9831.600      0.9937     0.9979
 9831.700      0.9907     0.9979
 9831.800      0.9883     0.9979
 9831.900      0.9878     0.9979
 9832.000      0.9877     0.9979
 9832.100      0.9879     0.9978
 9832.200      0.9918     0.9978
 9832.300      0.9953     0.9979
 9832.400      0.9974     0.9979
 9832.500      0.9979     0.9979
 9832.600      0.9982     0.9979
 9832.700      0.9995     0.9979
 9832.800      0.9973     0.9979
 9832.900      0.9902     0.9979
 9833.000      0.9893     0.9979
 9833.100      0.9896     0.9979
 9833.200      0.9863     0.9979
 9833.300      0.9764     0.9979
 9833.400      0.9628     0.9979
 9833.500      0.9536     0.9979
 9833.600      0.9540     0.9978
 9833.700      0.9663     0.9978
 9833.800      0.9771     0.9976
 9833.900      0.9840     0.9972
 9834.000      0.9858     0.9965
 9834.100      0.9805     0.9955
 9834.200      0.9629     0.9946
 9834.300      0.9122     0.9931
 9834.400      0.8504     0.9896
 9834.500      0.7917     0.9846
 9834.600      0.7641     0.9816
 9834.700      0.8001     0.9834
 9834.800      0.8672     0.9887
 9834.900      0.9351     0.9935
 9835.000      0.9702     0.9962
 9835.100      0.9861     0.9970
 9835.200      0.9923     0.9971
 9835.300      0.9945     0.9969
 9835.400      0.9952     0.9968
 9835.500      0.9952     0.9969
 9835.600      0.9941     0.9971
 9835.700      0.9927     0.9973
 9835.800      0.9926     0.9975
 9835.900      0.9921     0.9977
 9836.000      0.9905     0.9978
 9836.100      0.9912     0.9978
 9836.200      0.9934     0.9978
 9836.300      0.9942     0.9978
 9836.400      0.9959     0.9978
 9836.500      0.9992     0.9978
 9836.600      1.0020     0.9978
 9836.700      1.0038     0.9978
 9836.800      1.0043     0.9979
 9836.900      1.0043     0.9978
 9837.000      1.0037     0.9978
 9837.100      1.0012     0.9978
 9837.200      0.9965     0.9978
 9837.300      0.9897     0.9978
 9837.400      0.9857     0.9978
 9837.500      0.9866     0.9978
 9837.600      0.9902     0.9978
 9837.700      0.9926     0.9979
 9837.800      0.9901     0.9979
 9837.900      0.9905     0.9978
 9838.000      0.9930     0.9977
 9838.100      0.9877     0.9974
 9838.200      0.9727     0.9972
 9838.300      0.9503     0.9972
 9838.400      0.9397     0.9974
 9838.500      0.9453     0.9976
 9838.600      0.9637     0.9978
 9838.700      0.9807     0.9978
 9838.800      0.9917     0.9978
 9838.900      0.9954     0.9978
 9839.000      0.9953     0.9976
 9839.100      0.9935     0.9972
 9839.200      0.9924     0.9965
 9839.300      0.9930     0.9960
 9839.400      0.9948     0.9962
 9839.500      0.9961     0.9968
 9839.600      0.9954     0.9974
 9839.700      0.9950     0.9977
 9839.800      0.9955     0.9978
 9839.900      0.9967     0.9978
 9840.000      0.9975     0.9978
 9840.100      0.9966     0.9978
 9840.200      0.9952     0.9978
 9840.300      0.9937     0.9978
 9840.400      0.9926     0.9978
 9840.500      0.9922     0.9978
 9840.600      0.9933     0.9978
 9840.700      0.9960     0.9978
 9840.800      0.9989     0.9978
 9840.900      0.9968     0.9978
 9841.000      0.9919     0.9978
 9841.100      0.9859     0.9977
 9841.200      0.9839     0.9977
 9841.300      0.9865     0.9975
 9841.400      0.9922     0.9970
 9841.500      0.9978     0.9959
 9841.600      1.0026     0.9935
 9841.700      1.0057     0.9903
 9841.800      1.0060     0.9880
 9841.900      1.0032     0.9883
 9842.000      1.0019     0.9910
 9842.100      1.0025     0.9941
 9842.200      1.0043     0.9962
 9842.300      1.0042     0.9972
 9842.400      0.9969     0.9975
 9842.500      0.9860     0.9977
 9842.600      0.9745     0.9977
 9842.700      0.9685     0.9977
 9842.800      0.9709     0.9973
 9842.900      0.9806     0.9962
 9843.000      0.9919     0.9935
 9843.100      1.0030     0.9901
 9843.200      1.0070     0.9888
 9843.300      1.0059     0.9908
 9843.400      1.0027     0.9942
 9843.500      1.0049     0.9966
 9843.600      1.0082     0.9975
 9843.700      1.0097     0.9978
 9843.800      1.0089     0.9978
 9843.900      1.0071     0.9978
 9844.000      1.0086     0.9978
 9844.100      1.0101     0.9978
 9844.200      1.0088     0.9978
 9844.300      1.0055     0.9978
 9844.400      1.0018     0.9978
 9844.500      1.0008     0.9978
 9844.600      0.9993     0.9977
 9844.700      0.9941     0.9977
 9844.800      0.9843     0.9977
 9844.900      0.9657     0.9977
 9845.000      0.9271     0.9976
 9845.100      0.8892     0.9975
 9845.200      0.8572     0.9973
 9845.300      0.8676     0.9973
 9845.400      0.9031     0.9973
 9845.500      0.9472     0.9974
 9845.600      0.9806     0.9975
 9845.700      0.9951     0.9976
 9845.800      1.0016     0.9977
 9845.900      1.0020     0.9977
 9846.000      0.9984     0.9978
 9846.100      0.9949     0.9978
 9846.200      0.9915     0.9978
 9846.300      0.9756     0.9978
 9846.400      0.9465     0.9978
 9846.500      0.9085     0.9978
 9846.600      0.8917     0.9978
 9846.700      0.9049     0.9978
 9846.800      0.9419     0.9978
 9846.900      0.9755     0.9978
 9847.000      0.9954     0.9978
 9847.100      1.0014     0.9977
 9847.200      0.9996     0.9977
 9847.300      0.9942     0.9976
 9847.400      0.9900     0.9975
 9847.500      0.9892     0.9975
 9847.600      0.9908     0.9975
 9847.700      0.9936     0.9974
 9847.800      0.9972     0.9973
 9847.900      1.0017     0.9973
 9848.000      1.0066     0.9974
 9848.100      1.0105     0.9976
 9848.200      1.0111     0.9977
 9848.300      1.0058     0.9977
 9848.400      0.9985     0.9977
 9848.500      0.9909     0.9977
 9848.600      0.9877     0.9977
 9848.700      0.9884     0.9977
 9848.800      0.9916     0.9977
 9848.900      0.9954     0.9977
 9849.000      0.9991     0.9977
 9849.100      0.9985     0.9977
 9849.200      0.9979     0.9977
 9849.300      0.9975     0.9976
 9849.400      0.9975     0.9970
 9849.500      0.9973     0.9953
 9849.600      0.9939     0.9924
 9849.700      0.9928     0.9900
 9849.800      0.9943     0.9904
 9849.900      0.9938     0.9931
 9850.000      0.9906     0.9957
 9850.100      0.9849     0.9970
 9850.200      0.9808     0.9974
 9850.300      0.9804     0.9975
 9850.400      0.9855     0.9976
 9850.500      0.9905     0.9976
 9850.600      0.9929     0.9976
 9850.700      0.9916     0.9976
 9850.800      0.9883     0.9976
 9850.900      0.9842     0.9976
 9851.000      0.9807     0.9975
 9851.100      0.9783     0.9975
 9851.200      0.9559     0.9974
 9851.300      0.9055     0.9974
 9851.400      0.8305     0.9973
 9851.500      0.7711     0.9972
 9851.600      0.7597     0.9970
 9851.700      0.8039     0.9966
 9851.800      0.8602     0.9957
 9851.900      0.9184     0.9930
 9852.000      0.9638     0.9871
 9852.100      0.9860     0.9772
 9852.200      0.9946     0.9669
 9852.300      0.9986     0.9626
 9852.400      1.0005     0.9676
 9852.500      1.0017     0.9782
 9852.600      1.0022     0.9878
 9852.700      1.0016     0.9934
 9852.800      0.9984     0.9958
 9852.900      0.9892     0.9967
 9853.000      0.9720     0.9970
 9853.100      0.9533     0.9972
 9853.200      0.9545     0.9972
 9853.300      0.9664     0.9972
 9853.400      0.9825     0.9972
 9853.500      0.9902     0.9971
 9853.600      0.9942     0.9971
 9853.700      0.9978     0.9972
 9853.800      0.9966     0.9972
 9853.900      0.9911     0.9972
 9854.000      0.9898     0.9971
 9854.100      0.9915     0.9969
 9854.200      0.9947     0.9963
 9854.300      0.9963     0.9940
 9854.400      0.9966     0.9853
 9854.500      0.9989     0.9619
 9854.600      1.0011     0.9215
 9854.700      1.0013     0.8838
 9854.800      1.0001     0.8799
 9854.900      0.9980     0.9134
 9855.000      0.9950     0.9556
 9855.100      0.9928     0.9824
 9855.200      0.9923     0.9931
 9855.300      0.9917     0.9960
 9855.400      0.9909     0.9968
 9855.500      0.9886     0.9970
 9855.600      0.9864     0.9971
 9855.700      0.9845     0.9972
 9855.800      0.9882     0.9973
 9855.900      0.9935     0.9973
 9856.000      0.9980     0.9973
 9856.100      0.9991     0.9974
 9856.200      0.9974     0.9974
 9856.300      0.9982     0.9974
 9856.400      1.0007     0.9974
 9856.500      1.0038     0.9975
 9856.600      1.0047     0.9975
 9856.700      1.0025     0.9974
 9856.800      0.9982     0.9972
 9856.900      0.9938     0.9967
 9857.000      0.9894     0.9960
 9857.100      0.9887     0.9956
 9857.200      0.9906     0.9959
 9857.300      0.9932     0.9966
 9857.400      0.9947     0.9971
 9857.500      0.9924     0.9973
 9857.600      0.9873     0.9974
 9857.700      0.9821     0.9974
 9857.800      0.9826     0.9973
 9857.900      0.9868     0.9973
 9858.000      0.9924     0.9972
 9858.100      0.9922     0.9971
 9858.200      0.9896     0.9970
 9858.300      0.9865     0.9969
 9858.400      0.9826     0.9966
 9858.500      0.9783     0.9959
 9858.600      0.9826     0.9938
 9858.700      0.9865     0.9874
 9858.800      0.9860     0.9721
 9858.900      0.9841     0.9463
 9859.000      0.9820     0.9188
 9859.100      0.9829     0.9057
 9859.200      0.9824     0.9161
 9859.300      0.9791     0.9422
 9859.400      0.9759     0.9682
 9859.500      0.9732     0.9848
 9859.600      0.9713     0.9924
 9859.700      0.9718     0.9952
 9859.800      0.9744     0.9962
 9859.900      0.9740     0.9966
 9860.000      0.9731     0.9969
 9860.100      0.9754     0.9970
 9860.200      0.9769     0.9971
 9860.300      0.9777     0.9971
 9860.400      0.9796     0.9972
 9860.500      0.9841     0.9972
 9860.600      0.9926     0.9973
 9860.700      0.9974     0.9973
 9860.800      0.9982     0.9974
 9860.900      0.9984     0.9974
 9861.000      0.9967     0.9974
 9861.100      0.9928     0.9974
 9861.200      0.9895     0.9974
 9861.300      0.9876     0.9972
 9861.400      0.9876     0.9964
 9861.500      0.9912     0.9942
 9861.600      0.9977     0.9906
 9861.700      1.0019     0.9879
 9861.800      1.0022     0.9885
 9861.900      0.9982     0.9920
 9862.000      0.9968     0.9952
 9862.100      0.9984     0.9968
 9862.200      0.9985     0.9972
 9862.300      0.9973     0.9973
 9862.400      0.9954     0.9973
 9862.500      0.9931     0.9973
 9862.600      0.9907     0.9973
 9862.700      0.9906     0.9971
 9862.800      0.9902     0.9966
 9862.900      0.9884     0.9946
 9863.000      0.9890     0.9881
 9863.100      0.9910     0.9742
 9863.200      0.9906     0.9548
 9863.300      0.9852     0.9411
 9863.400      0.9749     0.9440
 9863.500      0.9753     0.9610
 9863.600      0.9807     0.9795
 9863.700      0.9857     0.9910
 9863.800      0.9884     0.9956
 9863.900      0.9883     0.9969
 9864.000      0.9908     0.9972
 9864.100      0.9935     0.9972
 9864.200      0.9922     0.9972
 9864.300      0.9916     0.9973
 9864.400      0.9920     0.9973
 9864.500      0.9927     0.9973
 9864.600      0.9948     0.9974
 9864.700      0.9991     0.9974
 9864.800      1.0008     0.9974
 9864.900      1.0004     0.9974
 9865.000      1.0013     0.9974
 9865.100      1.0022     0.9974
 9865.200      1.0027     0.9974
 9865.300      1.0023     0.9974
 9865.400      1.0016     0.9974
 9865.500      1.0018     0.9974
 9865.600      1.0027     0.9974
 9865.700      1.0040     0.9974
 9865.800      1.0052     0.9974
 9865.900      1.0058     0.9974
 9866.000      1.0035     0.9974
 9866.100      1.0013     0.9974
 9866.200      0.9994     0.9973
 9866.300      1.0011     0.9973
 9866.400      1.0021     0.9971
 9866.500      0.9955     0.9967
 9866.600      0.9904     0.9964
 9866.700      0.9880     0.9962
 9866.800      0.9870     0.9961
 9866.900      0.9873     0.9962
 9867.000      0.9888     0.9964
 9867.100      0.9908     0.9966
 9867.200      0.9929     0.9969
 9867.300      0.9927     0.9972
 9867.400      0.9906     0.9973
 9867.500      0.9872     0.9973
 9867.600      0.9872     0.9974
 9867.700      0.9889     0.9974
 9867.800      0.9886     0.9973
 9867.900      0.9837     0.9972
 9868.000      0.9744     0.9970
 9868.100      0.9670     0.9967
 9868.200      0.9652     0.9967
 9868.300      0.9766     0.9969
 9868.400      0.9862     0.9971
 9868.500      0.9926     0.9973
 9868.600      0.9977     0.9973
 9868.700      1.0014     0.9974
 9868.800      1.0033     0.9974
 9868.900      1.0006     0.9974
 9869.000      0.9956     0.9974
 9869.100      0.9989     0.9974
 9869.200      1.0021     0.9973
 9869.300      1.0015     0.9973
 9869.400      0.9984     0.9973
 9869.500      0.9947     0.9973
 9869.600      0.9921     0.9973
 9869.700      0.9869     0.9973
 9869.800      0.9768     0.9973
 9869.900      0.9709     0.9973
 9870.000      0.9690     0.9973
 9870.100      0.9689     0.9973
 9870.200      0.9636     0.9973
 9870.300      0.9515     0.9973
 9870.400      0.9418     0.9972
 9870.500      0.9387     0.9972
 9870.600      0.9487     0.9972
 9870.700      0.9627     0.9972
 9870.800      0.9776     0.9973
 9870.900      0.9860     0.9973
 9871.000      0.9900     0.9973
 9871.100      0.9915     0.9973
 9871.200      0.9899     0.9973
 9871.300      0.9859     0.9973
 9871.400      0.9794     0.9972
 9871.500      0.9741     0.9972
 9871.600      0.9743     0.9971
 9871.700      0.9796     0.9968
 9871.800      0.9860     0.9956
 9871.900      0.9900     0.9928
 9872.000      0.9942     0.9884
 9872.100      0.9984     0.9847
 9872.200      0.9999     0.9844
 9872.300      0.9966     0.9879
 9872.400      0.9874     0.9923
 9872.500      0.9764     0.9953
 9872.600      0.9643     0.9966
 9872.700      0.9503     0.9970
 9872.800      0.9369     0.9971
 9872.900      0.9318     0.9971
 9873.000      0.9420     0.9971
 9873.100      0.9595     0.9971
 9873.200      0.9770     0.9971
 9873.300      0.9930     0.9971
 9873.400      1.0016     0.9972
 9873.500      1.0011     0.9972
 9873.600      0.9977     0.9972
 9873.700      0.9978     0.9972
 9873.800      0.9982     0.9972
 9873.900      0.9985     0.9972
 9874.000      0.9977     0.9972
 9874.100      0.9964     0.9972
 9874.200      0.9955     0.9972
 9874.300      0.9967     0.9972
 9874.400      1.0003     0.9972
 9874.500      1.0008     0.9972
 9874.600      1.0011     0.9972
 9874.700      1.0047     0.9972
 9874.800      1.0071     0.9972
 9874.900      1.0061     0.9972
 9875.000      1.0005     0.9971
 9875.100      0.9960     0.9971
 9875.200      0.9966     0.9971
 9875.300      0.9965     0.9971
 9875.400      0.9951     0.9972
 9875.500      0.9920     0.9971
 9875.600      0.9900     0.9970
 9875.700      0.9907     0.9964
 9875.800      0.9909     0.9954
 9875.900      0.9890     0.9942
 9876.000      0.9659     0.9940
 9876.100      0.9307     0.9949
 9876.200      0.8904     0.9961
 9876.300      0.8701     0.9968
 9876.400      0.8754     0.9970
 9876.500      0.9009     0.9971
 9876.600      0.9288     0.9971
 9876.700      0.9571     0.9971
 9876.800      0.9769     0.9971
 9876.900      0.9861     0.9971
 9877.000      0.9861     0.9971
 9877.100      0.9837     0.9971
 9877.200      0.9809     0.9971
 9877.300      0.9825     0.9971
 9877.400      0.9876     0.9971
 9877.500      0.9947     0.9971
 9877.600      0.9986     0.9971
 9877.700      0.9976     0.9971
 9877.800      0.9923     0.9971
 9877.900      0.9882     0.9970
 9878.000      0.9880     0.9969
 9878.100      0.9905     0.9968
 9878.200      0.9939     0.9968
 9878.300      0.9976     0.9969
 9878.400      1.0007     0.9970
 9878.500      1.0018     0.9971
 9878.600      1.0006     0.9971
 9878.700      0.9988     0.9971
 9878.800      0.9968     0.9971
 9878.900      0.9967     0.9971
 9879.000      0.9983     0.9971
 9879.100      0.9996     0.9971
 9879.200      1.0000     0.9971
 9879.300      0.9990     0.9971
 9879.400      1.0005     0.9971
 9879.500      1.0038     0.9970
 9879.600      0.9999     0.9970
 9879.700      0.9956     0.9970
 9879.800      0.9923     0.9970
 9879.900      0.9933     0.9969
 9880.000      0.9959     0.9969
 9880.100      0.9939     0.9970
 9880.200      0.9936     0.9970
 9880.300      0.9963     0.9970
 9880.400      0.9966     0.9970
 9880.500      0.9923     0.9970
 9880.600      0.9818     0.9970
 9880.700      0.9729     0.9970
 9880.800      0.9681     0.9970
 9880.900      0.9661     0.9970
 9881.000      0.9678     0.9969
 9881.100      0.9735     0.9969
 9881.200      0.9774     0.9968
 9881.300      0.9796     0.9967
 9881.400      0.9842     0.9965
 9881.500      0.9891     0.9963
 9881.600      0.9932     0.9963
 9881.700      0.9926     0.9965
 9881.800      0.9894     0.9968
 9881.900      0.9883     0.9969
 9882.000      0.9883     0.9969
 9882.100      0.9888     0.9969
 9882.200      0.9874     0.9969
 9882.300      0.9852     0.9969
 9882.400      0.9835     0.9969
 9882.500      0.9835     0.9969
 9882.600      0.9863     0.9969
 9882.700      0.9908     0.9969
 9882.800      0.9955     0.9969
 9882.900      0.9989     0.9968
 9883.000      0.9997     0.9967
 9883.100      0.9989     0.9963
 9883.200      0.9988     0.9956
 9883.300      0.9987     0.9948
 9883.400      0.9977     0.9945
 9883.500      0.9959     0.9950
 9883.600      0.9939     0.9959
 9883.700      0.9921     0.9965
 9883.800      0.9915     0.9968
 9883.900      0.9935     0.9968
 9884.000      0.9953     0.9969
 9884.100      0.9965     0.9969
 9884.200      0.9942     0.9968
 9884.300      0.9925     0.9968
 9884.400      0.9928     0.9968
 9884.500      0.9961     0.9968
 9884.600      0.9997     0.9968
 9884.700      0.9992     0.9968
 9884.800      0.9955     0.9968
 9884.900      0.9903     0.9968
 9885.000      0.9922     0.9968
 9885.100      0.9968     0.9968
 9885.200      1.0019     0.9968
 9885.300      1.0052     0.9968
 9885.400      1.0049     0.9968
 9885.500      1.0012     0.9968
 9885.600      0.9987     0.9967
 9885.700      1.0009     0.9967
 9885.800      1.0040     0.9967
 9885.900      1.0073     0.9967
 9886.000      1.0053     0.9966
 9886.100      1.0021     0.9966
 9886.200      0.9986     0.9966
 9886.300      0.9968     0.9965
 9886.400      0.9963     0.9966
 9886.500      0.9960     0.9966
 9886.600      0.9977     0.9965
 9886.700      1.0016     0.9963
 9886.800      1.0031     0.9956
 9886.900      1.0008     0.9945
 9887.000      0.9945     0.9935
 9887.100      0.9914     0.9936
 9887.200      0.9922     0.9946
 9887.300      0.9936     0.9957
 9887.400      0.9949     0.9962
 9887.500      0.9958     0.9964
 9887.600      0.9979     0.9964
 9887.700      1.0010     0.9964
 9887.800      1.0004     0.9964
 9887.900      0.9998     0.9963
 9888.000      1.0001     0.9963
 9888.100      0.9998     0.9963
 9888.200      0.9991     0.9962
 9888.300      1.0020     0.9962
 9888.400      1.0046     0.9961
 9888.500      1.0054     0.9960
 9888.600      1.0015     0.9957
 9888.700      0.9969     0.9944
 9888.800      0.9992     0.9911
 9888.900      1.0014     0.9856
 9889.000      1.0034     0.9812
 9889.100      1.0014     0.9819
 9889.200      0.9993     0.9867
 9889.300      1.0012     0.9914
 9889.400      1.0016     0.9936
 9889.500      1.0007     0.9939
 9889.600      1.0003     0.9933
 9889.700      1.0002     0.9925
 9889.800      1.0007     0.9915
 9889.900      1.0023     0.9901
 9890.000      1.0043     0.9878
 9890.100      1.0057     0.9824
 9890.200      1.0026     0.9684
 9890.300      0.9918     0.9343
 9890.400      0.9854     0.8712
 9890.500      0.9836     0.7938
 9890.600      0.9838     0.7449
 9890.700      0.9864     0.7597
 9890.800      0.9903     0.8269
 9890.900      0.9943     0.9016
 9891.000      0.9983     0.9512
 9891.100      1.0018     0.9739
 9891.200      1.0041     0.9816
 9891.300      1.0040     0.9824
 9891.400      0.9991     0.9786
 9891.500      0.9946     0.9705
 9891.600      0.9951     0.9602
 9891.700      0.9963     0.9531
 9891.800      0.9976     0.9542
 9891.900      0.9961     0.9630
 9892.000      0.9953     0.9743
 9892.100      0.9973     0.9832
 9892.200      1.0006     0.9885
 9892.300      1.0042     0.9913
 9892.400      1.0048     0.9928
 9892.500      1.0022     0.9937
 9892.600      0.9976     0.9943
 9892.700      0.9940     0.9946
 9892.800      0.9920     0.9949
 9892.900      0.9911     0.9951
 9893.000      0.9917     0.9953
 9893.100      0.9931     0.9954
 9893.200      0.9927     0.9955
 9893.300      0.9916     0.9955
 9893.400      0.9902     0.9954
 9893.500      0.9874     0.9951
 9893.600      0.9819     0.9944
 9893.700      0.9728     0.9933
 9893.800      0.9645     0.9920
 9893.900      0.9604     0.9911
 9894.000      0.9578     0.9915
 9894.100      0.9562     0.9927
 9894.200      0.9555     0.9941
 9894.300      0.9541     0.9951
 9894.400      0.9512     0.9956
 9894.500      0.9515     0.9956
 9894.600      0.9555     0.9952
 9894.700      0.9618     0.9946
 9894.800      0.9664     0.9942
 9894.900      0.9683     0.9946
 9895.000      0.9735     0.9953
 9895.100      0.9797     0.9958
 9895.200      0.9837     0.9961
 9895.300      0.9855     0.9961
 9895.400      0.9862     0.9961
 9895.500      0.9913     0.9961
 9895.600      0.9966     0.9961
 9895.700      0.9992     0.9961
 9895.800      1.0010     0.9960
 9895.900      1.0028     0.9960
 9896.000      1.0048     0.9960
 9896.100      1.0063     0.9960
 9896.200      1.0056     0.9961
 9896.300      1.0046     0.9961
 9896.400      1.0035     0.9962
 9896.500      1.0033     0.9962
 9896.600      1.0012     0.9962
 9896.700      0.9959     0.9962
 9896.800      0.9948     0.9962
 9896.900      0.9962     0.9962
 9897.000      0.9980     0.9962
 9897.100      0.9983     0.9961
 9897.200      0.9966     0.9961
 9897.300      0.9961     0.9961
 9897.400      0.9959     0.9961
 9897.500      0.9953     0.9961
 9897.600      0.9949     0.9960
 9897.700      0.9954     0.9960
 9897.800      0.9987     0.9959
 9897.900      1.0019     0.9959
 9898.000      1.0035     0.9958
 9898.100      1.0055     0.9958
 9898.200      1.0077     0.9957
 9898.300      1.0088     0.9956
 9898.400      1.0057     0.9955
 9898.500      0.9965     0.9953
 9898.600      0.9895     0.9950
 9898.700      0.9866     0.9946
 9898.800      0.9882     0.9940
 9898.900      0.9921     0.9931
 9899.000      0.9970     0.9917
 9899.100      0.9987     0.9893
 9899.200      0.9997     0.9855
 9899.300      1.0054     0.9813
 9899.400      1.0108     0.9790
 9899.500      1.0148     0.9804
 9899.600      1.0110     0.9844
 9899.700      1.0064     0.9884
 9899.800      1.0045     0.9910
 9899.900      1.0018     0.9926
 9900.000      0.9984     0.9936
 9900.100      0.9957     0.9944
 9900.200      0.9953     0.9948
 9900.300      0.9978     0.9951
 9900.400      0.9990     0.9952
 9900.500      0.9984     0.9954
 9900.600      0.9972     0.9955
 9900.700      0.9959     0.9956
 9900.800      0.9948     0.9956
 9900.900      0.9955     0.9956
 9901.000      0.9970     0.9957
 9901.100      0.9975     0.9958
 9901.200      0.9959     0.9959
 9901.300      0.9903     0.9959
 9901.400      0.9775     0.9959
 9901.500      0.9637     0.9960
 9901.600      0.9564     0.9960
 9901.700      0.9603     0.9960
 9901.800      0.9706     0.9960
 9901.900      0.9735     0.9960
 9902.000      0.9752     0.9960
 9902.100      0.9772     0.9960
 9902.200      0.9779     0.9960
 9902.300      0.9770     0.9960
 9902.400      0.9752     0.9960
 9902.500      0.9762     0.9960
 9902.600      0.9843     0.9960
 9902.700      0.9917     0.9960
 9902.800      0.9972     0.9960
 9902.900      0.9964     0.9960
 9903.000      0.9961     0.9960
 9903.100      0.9966     0.9960
 9903.200      0.9917     0.9960
 9903.300      0.9851     0.9959
 9903.400      0.9825     0.9956
 9903.500      0.9850     0.9952
 9903.600      0.9903     0.9948
 9903.700      0.9919     0.9947
 9903.800      0.9930     0.9950
 9903.900      0.9967     0.9954
 9904.000      0.9981     0.9957
 9904.100      0.9966     0.9958
 9904.200      0.9942     0.9958
 9904.300      0.9927     0.9957
 9904.400      0.9940     0.9957
 9904.500      0.9932     0.9957
 9904.600      0.9910     0.9957
 9904.700      0.9894     0.9958
 9904.800      0.9910     0.9958
 9904.900      0.9976     0.9958
 9905.000      1.0032     0.9957
 9905.100      1.0058     0.9956
 9905.200      1.0017     0.9954
 9905.300      0.9999     0.9953
 9905.400      1.0013     0.9951
 9905.500      1.0004     0.9949
 9905.600      0.9994     0.9945
 9905.700      1.0031     0.9940
 9905.800      1.0062     0.9936
 9905.900      1.0077     0.9936
 9906.000      1.0071     0.9940
 9906.100      1.0035     0.9944
 9906.200      0.9967     0.9948
 9906.300      0.9953     0.9951
 9906.400      0.9986     0.9954
 9906.500      1.0024     0.9955
 9906.600      1.0054     0.9957
 9906.700      1.0055     0.9957
 9906.800      1.0049     0.9957
 9906.900      1.0036     0.9956
 9907.000      0.9997     0.9955
 9907.100      0.9986     0.9954
 9907.200      1.0022     0.9953
 9907.300      1.0050     0.9954
 9907.400      1.0053     0.9955
 9907.500      0.9982     0.9956
 9907.600      0.9924     0.9956
 9907.700      0.9900     0.9954
 9907.800      0.9893     0.9950
 9907.900      0.9913     0.9948
 9908.000      0.9968     0.9948
 9908.100      0.9988     0.9952
 9908.200      0.9975     0.9955
 9908.300      0.9965     0.9957
 9908.400      0.9970     0.9957
 9908.500      1.0011     0.9957
 9908.600      1.0037     0.9957
 9908.700      1.0030     0.9957
 9908.800      0.9972     0.9957
 9908.900      0.9943     0.9956
 9909.000      0.9987     0.9954
 9909.100      1.0036     0.9952
 9909.200      1.0084     0.9950
 9909.300      1.0073     0.9949
 9909.400      1.0042     0.9947
 9909.500      1.0003     0.9939
 9909.600      0.9992     0.9927
 9909.700      1.0013     0.9918
 9909.800      1.0053     0.9922
 9909.900      1.0080     0.9935
 9910.000      1.0085     0.9947
 9910.100      1.0084     0.9953
 9910.200      1.0067     0.9955
 9910.300      1.0023     0.9956
 9910.400      0.9997     0.9956
 9910.500      0.9986     0.9955
 9910.600      0.9955     0.9954
 9910.700      0.9898     0.9954
 9910.800      0.9819     0.9954
 9910.900      0.9763     0.9954
 9911.000      0.9755     0.9955
 9911.100      0.9814     0.9955
 9911.200      0.9871     0.9956
 9911.300      0.9924     0.9955
 9911.400      0.9977     0.9955
 9911.500      1.0025     0.9955
 9911.600      1.0020     0.9955
 9911.700      0.9982     0.9954
 9911.800      0.9933     0.9952
 9911.900      0.9935     0.9946
 9912.000      0.9980     0.9934
 9912.100      1.0045     0.9924
 9912.200      1.0062     0.9922
 9912.300      1.0031     0.9931
 9912.400      1.0008     0.9942
 9912.500      0.9996     0.9949
 9912.600      0.9998     0.9952
 9912.700      0.9980     0.9951
 9912.800      0.9949     0.9945
 9912.900      0.9925     0.9929
 9913.000      0.9927     0.9903
 9913.100      0.9966     0.9881
 9913.200      0.9975     0.9883
 9913.300      0.9970     0.9906
 9913.400      0.9987     0.9932
 9913.500      0.9993     0.9946
 9913.600      0.9981     0.9951
 9913.700      0.9970     0.9952
 9913.800      0.9965     0.9952
 9913.900      1.0018     0.9951
 9914.000      1.0059     0.9950
 9914.100      1.0064     0.9946
 9914.200      1.0022     0.9938
 9914.300      0.9981     0.9920
 9914.400      0.9981     0.9895
 9914.500      0.9981     0.9874
 9914.600      0.9980     0.9873
 9914.700      0.9953     0.9891
 9914.800      0.9939     0.9914
 9914.900      0.9965     0.9929
 9915.000      0.9984     0.9932
 9915.100      0.9999     0.9923
 9915.200      1.0023     0.9890
 9915.300      1.0035     0.9806
 9915.400      1.0024     0.9644
 9915.500      1.0023     0.9426
 9915.600      1.0038     0.9261
 9915.700      1.0067     0.9266
 9915.800      1.0084     0.9438
 9915.900      1.0070     0.9657
 9916.000      1.0034     0.9815
 9916.100      0.9991     0.9893
 9916.200      0.9946     0.9923
 9916.300      0.9926     0.9933
 9916.400      0.9930     0.9936
 9916.500      0.9922     0.9938
 9916.600      0.9928     0.9941
 9916.700      0.9984     0.9944
 9916.800      1.0018     0.9947
 9916.900      1.0028     0.9948
 9917.000      1.0031     0.9949
 9917.100      1.0038     0.9949
 9917.200      1.0058     0.9950
 9917.300      1.0032     0.9950
 9917.400      0.9986     0.9950
 9917.500      1.0001     0.9950
 9917.600      1.0011     0.9950
 9917.700      1.0002     0.9950
 9917.800      0.9963     0.9950
 9917.900      0.9922     0.9950
 9918.000      0.9912     0.9950
 9918.100      0.9911     0.9950
 9918.200      0.9914     0.9950
 9918.300      0.9904     0.9950
 9918.400      0.9903     0.9950
 9918.500      0.9957     0.9950
 9918.600      0.9969     0.9950
 9918.700      0.9944     0.9950
 9918.800      0.9933     0.9950
 9918.900      0.9954     0.9950
 9919.000      1.0010     0.9950
 9919.100      1.0035     0.9950
 9919.200      1.0028     0.9950
 9919.300      1.0010     0.9950
 9919.400      1.0006     0.9950
 9919.500      1.0031     0.9949
 9919.600      1.0018     0.9949
 9919.700      0.9989     0.9949
 9919.800      0.9973     0.9949
 9919.900      0.9969     0.9949
 9920.000      0.9980     0.9949
 9920.100      1.0008     0.9949
 9920.200      1.0032     0.9949
 9920.300      1.0004     0.9949
 9920.400      1.0000     0.9949
 9920.500      1.0021     0.9948
 9920.600      1.0045     0.9948
 9920.700      1.0048     0.9948
 9920.800      0.9973     0.9948
 9920.900      0.9932     0.9948
 9921.000      0.9945     0.9948
 9921.100      0.9991     0.9948
 9921.200      1.0018     0.9948
 9921.300      0.9998     0.9948
 9921.400      0.9992     0.9947
 9921.500      0.9991     0.9947
 9921.600      0.9968     0.9947
 9921.700      0.9954     0.9947
 9921.800      0.9952     0.9947
 9921.900      0.9925     0.9947
 9922.000      0.9898     0.9946
 9922.100      0.9951     0.9946
 9922.200      0.9999     0.9946
 9922.300      1.0026     0.9946
 9922.400      1.0006     0.9946
 9922.500      0.9980     0.9946
 9922.600      0.9963     0.9947
 9922.700      0.9937     0.9947
 9922.800      0.9904     0.9947
 9922.900      0.9896     0.9947
 9923.000      0.9911     0.9947
 9923.100      0.9940     0.9946
 9923.200      0.9957     0.9946
 9923.300      0.9968     0.9946
 9923.400      1.0001     0.9946
 9923.500      1.0027     0.9946
 9923.600      1.0033     0.9946
 9923.700      1.0036     0.9946
 9923.800      1.0040     0.9945
 9923.900      1.0077     0.9945
 9924.000      1.0076     0.9945
 9924.100      1.0019     0.9944
 9924.200      1.0001     0.9944
 9924.300      1.0013     0.9943
 9924.400      1.0038     0.9941
 9924.500      1.0025     0.9941
 9924.600      0.9974     0.9941
 9924.700      0.9975     0.9942
 9924.800      1.0020     0.9944
 9924.900      1.0089     0.9945
 9925.000      1.0107     0.9945
 9925.100      1.0085     0.9945
 9925.200      1.0090     0.9945
 9925.300      1.0079     0.9945
 9925.400      1.0026     0.9945
 9925.500      1.0001     0.9944
 9925.600      1.0003     0.9944
 9925.700      1.0017     0.9944
 9925.800      1.0030     0.9944
 9925.900      1.0037     0.9944
 9926.000      0.9989     0.9944
 9926.100      0.9911     0.9944
 9926.200      0.9827     0.9944
 9926.300      0.9791     0.9943
 9926.400      0.9827     0.9943
 9926.500      0.9873     0.9943
 9926.600      0.9918     0.9942
 9926.700      0.9936     0.9941
 9926.800      0.9925     0.9941
 9926.900      0.9901     0.9942
 9927.000      0.9906     0.9942
 9927.100      0.9941     0.9942
 9927.200      0.9998     0.9942
 9927.300      1.0033     0.9942
 9927.400      1.0053     0.9942
 9927.500      1.0077     0.9942
 9927.600      1.0084     0.9942
 9927.700      1.0049     0.9942
 9927.800      1.0005     0.9942
 9927.900      0.9963     0.9942
 9928.000      0.9973     0.9941
 9928.100      0.9970     0.9941
 9928.200      0.9943     0.9941
 9928.300      0.9904     0.9941
 9928.400      0.9868     0.9941
 9928.500      0.9860     0.9941
 9928.600      0.9827     0.9941
 9928.700      0.9765     0.9941
 9928.800      0.9703     0.9941
 9928.900      0.9641     0.9940
 9929.000      0.9588     0.9940
 9929.100      0.9606     0.9940
 9929.200      0.9673     0.9940
 9929.300      0.9728     0.9940
 9929.400      0.9760     0.9939
 9929.500      0.9766     0.9939
 9929.600      0.9779     0.9939
 9929.700      0.9804     0.9938
 9929.800      0.9840     0.9938
 9929.900      0.9886     0.9937
 9930.000      0.9936     0.9937
 9930.100      0.9988     0.9936
 9930.200      1.0038     0.9935
 9930.300      1.0069     0.9935
 9930.400      1.0105     0.9934
 9930.500      1.0147     0.9933
 9930.600      1.0129     0.9930
 9930.700      1.0095     0.9926
 9930.800      1.0067     0.9917
 9930.900      1.0066     0.9886
 9931.000      1.0085     0.9776
 9931.100      1.0080     0.9479
 9931.200      1.0037     0.8951
 9931.300      0.9961     0.8416
 9931.400      0.9891     0.8275
 9931.500      0.9842     0.8652
 9931.600      0.9848     0.9227
 9931.700      0.9890     0.9644
 9931.800      0.9951     0.9830
 9931.900      1.0017     0.9889
 9932.000      1.0081     0.9907
 9932.100      1.0061     0.9912
 9932.200      1.0057     0.9908
 9932.300      1.0078     0.9901
 9932.400      1.0093     0.9901
 9932.500      1.0087     0.9911
 9932.600      1.0039     0.9923
 9932.700      0.9996     0.9930
 9932.800      0.9976     0.9933
 9932.900      0.9993     0.9933
 9933.000      1.0011     0.9934
 9933.100      1.0010     0.9934
 9933.200      0.9994     0.9935
 9933.300      0.9974     0.9935
 9933.400      0.9982     0.9935
 9933.500      0.9973     0.9935
 9933.600      0.9914     0.9935
 9933.700      0.9893     0.9935
 9933.800      0.9895     0.9935
 9933.900      0.9896     0.9935
 9934.000      0.9879     0.9934
 9934.100      0.9833     0.9934
 9934.200      0.9811     0.9934
 9934.300      0.9797     0.9934
 9934.400      0.9758     0.9934
 9934.500      0.9710     0.9934
 9934.600      0.9660     0.9934
 9934.700      0.9637     0.9934
 9934.800      0.9621     0.9934
 9934.900      0.9581     0.9934
 9935.000      0.9484     0.9934
 9935.100      0.9350     0.9933
 9935.200      0.9320     0.9933
 9935.300      0.9390     0.9933
 9935.400      0.9522     0.9933
 9935.500      0.9611     0.9933
 9935.600      0.9641     0.9933
 9935.700      0.9641     0.9933
 9935.800      0.9640     0.9933
 9935.900      0.9639     0.9933
 9936.000      0.9648     0.9932
 9936.100      0.9670     0.9932
 9936.200      0.9699     0.9932
 9936.300      0.9717     0.9932
 9936.400      0.9715     0.9932
 9936.500      0.9726     0.9931
 9936.600      0.9741     0.9931
 9936.700      0.9748     0.9931
 9936.800      0.9738     0.9931
 9936.900      0.9715     0.9930
 9937.000      0.9721     0.9928
 9937.100      0.9727     0.9924
 9937.200      0.9702     0.9920
 9937.300      0.9708     0.9918
 9937.400      0.9742     0.9921
 9937.500      0.9762     0.9925
 9937.600      0.9785     0.9928
 9937.700      0.9824     0.9929
 9937.800      0.9829     0.9930
 9937.900      0.9812     0.9930
 9938.000      0.9818     0.9930
 9938.100      0.9813     0.9930
 9938.200      0.9787     0.9929
 9938.300      0.9773     0.9929
 9938.400      0.9781     0.9929
 9938.500      0.9815     0.9929
 9938.600      0.9826     0.9929
 9938.700      0.9806     0.9929
 9938.800      0.9839     0.9929
 9938.900      0.9879     0.9928
 9939.000      0.9871     0.9928
 9939.100      0.9866     0.9928
 9939.200      0.9870     0.9928
 9939.300      0.9898     0.9928
 9939.400      0.9915     0.9928
 9939.500      0.9884     0.9928
 9939.600      0.9889     0.9927
 9939.700      0.9921     0.9927
 9939.800      0.9922     0.9927
 9939.900      0.9916     0.9927
 9940.000      0.9907     0.9927
 9940.100      0.9919     0.9926
 9940.200      0.9941     0.9926
 9940.300      0.9947     0.9926
 9940.400      0.9944     0.9925
 9940.500      0.9936     0.9923
 9940.600      0.9921     0.9920
 9940.700      0.9908     0.9918
 9940.800      0.9915     0.9915
 9940.900      0.9904     0.9896
 9941.000      0.9869     0.9829
 9941.100      0.9859     0.9674
 9941.200      0.9854     0.9446
 9941.300      0.9845     0.9263
 9941.400      0.9869     0.9265
 9941.500      0.9921     0.9450
 9941.600      0.9948     0.9677
 9941.700      0.9947     0.9831
 9941.800      0.9928     0.9897
 9941.900      0.9905     0.9917
 9942.000      0.9883     0.9921
 9942.100      0.9908     0.9922
 9942.200      0.9934     0.9922
 9942.300      0.9958     0.9922
 9942.400      0.9944     0.9922
 9942.500      0.9914     0.9922
 9942.600      0.9906     0.9922
 9942.700      0.9913     0.9922
 9942.800      0.9930     0.9922
 9942.900      0.9958     0.9922
 9943.000      0.9986     0.9922
 9943.100      1.0003     0.9922
 9943.200      1.0002     0.9921
 9943.300      0.9992     0.9921
 9943.400      1.0010     0.9921
 9943.500      1.0031     0.9921
 9943.600      1.0031     0.9921
 9943.700      1.0009     0.9921
 9943.800      0.9979     0.9920
 9943.900      0.9991     0.9919
 9944.000      0.9997     0.9917
 9944.100      0.9981     0.9916
 9944.200      0.9966     0.9916
 9944.300      0.9957     0.9918
 9944.400      1.0004     0.9919
 9944.500      1.0046     0.9919
 9944.600      1.0069     0.9919
 9944.700      1.0058     0.9919
 9944.800      1.0044     0.9919
 9944.900      1.0087     0.9919
 9945.000      1.0106     0.9919
 9945.100      1.0097     0.9919
 9945.200      1.0108     0.9918
 9945.300      1.0119     0.9918
 9945.400      1.0098     0.9918
 9945.500      1.0096     0.9918
 9945.600      1.0110     0.9918
 9945.700      1.0115     0.9918
 9945.800      1.0121     0.9917
 9945.900      1.0139     0.9917
 9946.000      1.0172     0.9917
 9946.100      1.0210     0.9916
 9946.200      1.0159     0.9916
 9946.300      1.0111     0.9916
 9946.400      1.0091     0.9916
 9946.500      1.0085     0.9915
 9946.600      1.0082     0.9914
 9946.700      1.0077     0.9910
 9946.800      1.0081     0.9901
 9946.900      1.0098     0.9889
 9947.000      1.0101     0.9877
 9947.100      1.0087     0.9873
 9947.200      1.0056     0.9878
 9947.300      1.0045     0.9886
 9947.400      1.0065     0.9893
 9947.500      1.0094     0.9899
 9947.600      1.0119     0.9905
 9947.700      1.0114     0.9909
 9947.800      1.0091     0.9912
 9947.900      1.0064     0.9913
 9948.000      1.0039     0.9913
 9948.100      1.0030     0.9913
 9948.200      1.0050     0.9913
 9948.300      1.0064     0.9912
 9948.400      1.0063     0.9912
 9948.500      1.0033     0.9912
 9948.600      1.0020     0.9911
 9948.700      1.0036     0.9911
 9948.800      1.0033     0.9911
 9948.900      1.0027     0.9910
 9949.000      1.0056     0.9909
 9949.100      1.0074     0.9909
 9949.200      1.0070     0.9910
 9949.300      1.0058     0.9910
 9949.400      1.0041     0.9909
 9949.500      1.0019     0.9906
 9949.600      1.0029     0.9899
 9949.700      1.0068     0.9887
 9949.800      1.0070     0.9878
 9949.900      1.0050     0.9879
 9950.000      1.0021     0.9890
 9950.100      1.0004     0.9900
 9950.200      1.0003     0.9905
 9950.300      1.0014     0.9907
 9950.400      1.0042     0.9907
 9950.500      1.0084     0.9906
 9950.600      1.0101     0.9904
 9950.700      1.0086     0.9902
 9950.800      1.0049     0.9899
 9950.900      1.0023     0.9894
 9951.000      1.0014     0.9886
 9951.100      1.0007     0.9879
 9951.200      0.9994     0.9877
 9951.300      0.9941     0.9879
 9951.400      0.9925     0.9885
 9951.500      0.9957     0.9888
 9951.600      0.9996     0.9887
 9951.700      1.0027     0.9883
 9951.800      1.0022     0.9881
 9951.900      1.0019     0.9884
 9952.000      1.0019     0.9890
 9952.100      1.0027     0.9894
 9952.200      1.0025     0.9895
 9952.300      0.9992     0.9893
 9952.400      0.9967     0.9890
 9952.500      0.9954     0.9889
 9952.600      0.9947     0.9892
 9952.700      0.9971     0.9897
 9952.800      1.0029     0.9900
 9952.900      1.0063     0.9901
 9953.000      1.0047     0.9899
 9953.100      0.9951     0.9896
 9953.200      0.9883     0.9894
 9953.300      0.9878     0.9892
 9953.400      0.9910     0.9892
 9953.500      0.9944     0.9895
 9953.600      0.9970     0.9897
 9953.700      0.9973     0.9899
 9953.800      0.9945     0.9900
 9953.900      0.9889     0.9900
 9954.000      0.9847     0.9900
 9954.100      0.9872     0.9899
 9954.200      0.9914     0.9898
 9954.300      0.9960     0.9898
 9954.400      0.9962     0.9897
 9954.500      0.9974     0.9898
 9954.600      1.0012     0.9898
 9954.700      0.9988     0.9899
 9954.800      0.9934     0.9899
 9954.900      0.9923     0.9898
 9955.000      0.9956     0.9898
 9955.100      1.0014     0.9898
 9955.200      0.9993     0.9898
 9955.300      0.9951     0.9897
 9955.400      0.9957     0.9897
 9955.500      0.9961     0.9897
 9955.600      0.9959     0.9897
 9955.700      0.9930     0.9896
 9955.800      0.9901     0.9896
 9955.900      0.9900     0.9893
 9956.000      0.9918     0.9883
 9956.100      0.9942     0.9859
 9956.200      0.9959     0.9823
 9956.300      0.9956     0.9801
 9956.400      0.9925     0.9812
 9956.500      0.9929     0.9839
 9956.600      0.9955     0.9859
 9956.700      0.9966     0.9868
 9956.800      0.9973     0.9875
 9956.900      0.9978     0.9884
 9957.000      0.9964     0.9889
 9957.100      0.9948     0.9891
 9957.200      0.9994     0.9892
 9957.300      1.0035     0.9891
 9957.400      1.0050     0.9890
 9957.500      1.0021     0.9888
 9957.600      0.9984     0.9887
 9957.700      0.9958     0.9887
 9957.800      0.9962     0.9888
 9957.900      0.9984     0.9889
 9958.000      1.0001     0.9889
 9958.100      0.9988     0.9889
 9958.200      0.9906     0.9889
 9958.300      0.9851     0.9889
 9958.400      0.9865     0.9889
 9958.500      1.0002     0.9886
 9958.600      1.0113     0.9881
 9958.700      1.0118     0.9870
 9958.800      1.0071     0.9859
 9958.900      1.0014     0.9857
 9959.000      0.9999     0.9866
 9959.100      0.9997     0.9877
 9959.200      1.0001     0.9883
 9959.300      0.9974     0.9886
 9959.400      0.9942     0.9886
 9959.500      0.9965     0.9886
 9959.600      0.9977     0.9886
 9959.700      0.9974     0.9886
 9959.800      0.9967     0.9885
 9959.900      0.9970     0.9885
 9960.000      1.0020     0.9885
 9960.100      1.0040     0.9885
 9960.200      1.0031     0.9884
 9960.300      1.0021     0.9884
 9960.400      1.0018     0.9884
 9960.500      1.0033     0.9883
 9960.600      1.0050     0.9883
 9960.700      1.0067     0.9882
 9960.800      1.0054     0.9880
 9960.900      1.0039     0.9878
 9961.000      1.0023     0.9873
 9961.100      1.0026     0.9866
 9961.200      1.0063     0.9858
 9961.300      1.0142     0.9856
 9961.400      1.0243     0.9861
 9961.500      1.0332     1.0000
 9961.600      1.0421     1.0000
 9961.700      1.0510     1.0000
 9961.800      1.0599     1.0000
 9961.900      1.0688     1.0000
 9962.000      1.0777     1.0000
