# t09572g430x+000m0                                           
# 92379460.kgf                                                
# data\m60.fits                                               
# xmin,xmax,dshft,yshift,fz:   9125.50   9571.50   0.00000   0.00000   1.00000
# vw,rp,ifabs:   0.0    28300.   0
#                                                                     
# wave(A)   obs.spec.  the.spec.  overplot1  overplot2  overplot3  overplot4
 9237.000      1.0204     1.0000
 9237.100      1.0199     1.0000
 9237.200      1.0193     1.0000
 9237.300      1.0188     1.0000
 9237.400      1.0182     1.0000
 9237.500      1.0177     1.0000
 9237.600      1.0171     0.6900
 9237.700      1.0166     0.7042
 9237.800      1.0160     0.7186
 9237.900      1.0155     0.7268
 9238.000      1.0149     0.7303
 9238.100      1.0144     0.7321
 9238.200      1.0138     0.7336
 9238.300      1.0133     0.7350
 9238.400      1.0127     0.7364
 9238.500      1.0122     0.7376
 9238.600      1.0116     0.7389
 9238.700      1.0111     0.7402
 9238.800      1.0105     0.7414
 9238.900      1.0100     0.7427
 9239.000      1.0097     0.7439
 9239.100      1.0082     0.7451
 9239.200      1.0054     0.7464
 9239.300      1.0025     0.7476
 9239.400      0.9943     0.7488
 9239.500      0.9782     0.7500
 9239.600      0.9605     0.7512
 9239.700      0.9515     0.7524
 9239.800      0.9618     0.7536
 9239.900      0.9747     0.7548
 9240.000      0.9864     0.7560
 9240.100      0.9850     0.7572
 9240.200      0.9641     0.7583
 9240.300      0.9178     0.7595
 9240.400      0.8475     0.7606
 9240.500      0.8006     0.7618
 9240.600      0.8058     0.7629
 9240.700      0.8696     0.7641
 9240.800      0.9280     0.7652
 9240.900      0.9646     0.7663
 9241.000      0.9635     0.7674
 9241.100      0.9310     0.7686
 9241.200      0.8817     0.7696
 9241.300      0.8290     0.7707
 9241.400      0.7858     0.7718
 9241.500      0.7982     0.7729
 9241.600      0.8555     0.7740
 9241.700      0.9208     0.7751
 9241.800      0.9635     0.7762
 9241.900      0.9891     0.7773
 9242.000      0.9980     0.7783
 9242.100      0.9873     0.7794
 9242.200      0.9714     0.7804
 9242.300      0.9542     0.7814
 9242.400      0.9538     0.7824
 9242.500      0.9535     0.7834
 9242.600      0.9459     0.7844
 9242.700      0.9318     0.7854
 9242.800      0.9210     0.7865
 9242.900      0.9302     0.7875
 9243.000      0.9482     0.7885
 9243.100      0.9661     0.7895
 9243.200      0.9742     0.7905
 9243.300      0.9825     0.7915
 9243.400      0.9908     0.7924
 9243.500      0.9959     0.7933
 9243.600      1.0012     0.7941
 9243.700      1.0067     0.7944
 9243.800      1.0081     0.7924
 9243.900      1.0081     0.7823
 9244.000      1.0077     0.7548
 9244.100      1.0063     0.7099
 9244.200      1.0053     0.6692
 9244.300      1.0058     0.6632
 9244.400      0.9990     0.6973
 9244.500      0.9887     0.7454
 9244.600      0.9821     0.7799
 9244.700      0.9826     0.7953
 9244.800      0.9866     0.8011
 9244.900      0.9861     0.8042
 9245.000      0.9757     0.8065
 9245.100      0.9524     0.8081
 9245.200      0.9200     0.8092
 9245.300      0.8907     0.8102
 9245.400      0.8773     0.8111
 9245.500      0.8832     0.8119
 9245.600      0.8988     0.8128
 9245.700      0.9188     0.8137
 9245.800      0.9450     0.8145
 9245.900      0.9723     0.8154
 9246.000      0.9923     0.8164
 9246.100      0.9978     0.8172
 9246.200      0.9948     0.8180
 9246.300      0.9907     0.8184
 9246.400      0.9861     0.8186
 9246.500      0.9810     0.8191
 9246.600      0.9560     0.8201
 9246.700      0.9145     0.8215
 9246.800      0.8659     0.8229
 9246.900      0.8421     0.8239
 9247.000      0.8292     0.8248
 9247.100      0.8180     0.8257
 9247.200      0.8006     0.8265
 9247.300      0.7841     0.8273
 9247.400      0.8053     0.8281
 9247.500      0.8420     0.8289
 9247.600      0.8821     0.8296
 9247.700      0.9038     0.8304
 9247.800      0.9207     0.8312
 9247.900      0.9332     0.8321
 9248.000      0.9344     0.8329
 9248.100      0.9293     0.8337
 9248.200      0.9205     0.8345
 9248.300      0.9095     0.8353
 9248.400      0.8863     0.8361
 9248.500      0.8258     0.8368
 9248.600      0.7485     0.8376
 9248.700      0.6770     0.8383
 9248.800      0.7010     0.8390
 9248.900      0.7858     0.8398
 9249.000      0.8869     0.8405
 9249.100      0.9491     0.8413
 9249.200      0.9776     0.8420
 9249.300      0.9879     0.8427
 9249.400      0.9948     0.8434
 9249.500      1.0004     0.8441
 9249.600      1.0050     0.8448
 9249.700      1.0059     0.8455
 9249.800      1.0062     0.8463
 9249.900      1.0077     0.8470
 9250.000      1.0119     0.8477
 9250.100      1.0160     0.8485
 9250.200      1.0130     0.8492
 9250.300      1.0121     0.8500
 9250.400      1.0129     0.8507
 9250.500      1.0105     0.8514
 9250.600      1.0085     0.8521
 9250.700      1.0080     0.8527
 9250.800      1.0096     0.8534
 9250.900      1.0104     0.8541
 9251.000      1.0082     0.8547
 9251.100      1.0045     0.8554
 9251.200      1.0016     0.8561
 9251.300      1.0014     0.8566
 9251.400      0.9980     0.8566
 9251.500      0.9879     0.8553
 9251.600      0.9699     0.8521
 9251.700      0.9434     0.8487
 9251.800      0.9140     0.8488
 9251.900      0.8888     0.8530
 9252.000      0.8925     0.8577
 9252.100      0.9247     0.8606
 9252.200      0.9557     0.8616
 9252.300      0.9787     0.8613
 9252.400      0.9868     0.8602
 9252.500      0.9900     0.8594
 9252.600      0.9926     0.8605
 9252.700      0.9949     0.8629
 9252.800      0.9940     0.8651
 9252.900      0.9895     0.8665
 9253.000      0.9827     0.8674
 9253.100      0.9702     0.8682
 9253.200      0.9428     0.8688
 9253.300      0.8621     0.8692
 9253.400      0.7807     0.8692
 9253.500      0.6991     0.8685
 9253.600      0.7023     0.8676
 9253.700      0.7712     0.8677
 9253.800      0.8676     0.8693
 9253.900      0.9340     0.8713
 9254.000      0.9696     0.8730
 9254.100      0.9870     0.8740
 9254.200      0.9955     0.8746
 9254.300      0.9989     0.8752
 9254.400      0.9984     0.8758
 9254.500      0.9945     0.8763
 9254.600      0.9871     0.8768
 9254.700      0.9747     0.8773
 9254.800      0.9635     0.8779
 9254.900      0.9580     0.8784
 9255.000      0.9705     0.8786
 9255.100      0.9843     0.8783
 9255.200      0.9954     0.8775
 9255.300      0.9918     0.8764
 9255.400      0.9782     0.8742
 9255.500      0.9610     0.8668
 9255.600      0.9527     0.8511
 9255.700      0.9580     0.8338
 9255.800      0.9730     0.8295
 9255.900      0.9842     0.8433
 9256.000      0.9868     0.8634
 9256.100      0.9801     0.8774
 9256.200      0.9755     0.8836
 9256.300      0.9745     0.8857
 9256.400      0.9744     0.8866
 9256.500      0.9681     0.8872
 9256.600      0.9480     0.8878
 9256.700      0.9260     0.8883
 9256.800      0.9112     0.8888
 9256.900      0.9281     0.8893
 9257.000      0.9549     0.8898
 9257.100      0.9820     0.8903
 9257.200      0.9941     0.8908
 9257.300      0.9910     0.8913
 9257.400      0.9784     0.8918
 9257.500      0.9613     0.8922
 9257.600      0.9522     0.8927
 9257.700      0.9599     0.8932
 9257.800      0.9766     0.8936
 9257.900      0.9914     0.8939
 9258.000      0.9993     0.8939
 9258.100      1.0041     0.8932
 9258.200      1.0070     0.8925
 9258.300      1.0085     0.8928
 9258.400      1.0078     0.8943
 9258.500      1.0065     0.8959
 9258.600      1.0054     0.8969
 9258.700      1.0042     0.8970
 9258.800      1.0026     0.8961
 9258.900      0.9987     0.8946
 9259.000      0.9906     0.8940
 9259.100      0.9798     0.8954
 9259.200      0.9698     0.8978
 9259.300      0.9652     0.8997
 9259.400      0.9687     0.9008
 9259.500      0.9721     0.9013
 9259.600      0.9770     0.9017
 9259.700      0.9867     0.9020
 9259.800      0.9954     0.9023
 9259.900      1.0010     0.9025
 9260.000      1.0012     0.9027
 9260.100      1.0023     0.9028
 9260.200      1.0040     0.9023
 9260.300      1.0042     0.9000
 9260.400      1.0021     0.8910
 9260.500      0.9985     0.8655
 9260.600      0.9985     0.8152
 9260.700      0.9986     0.7492
 9260.800      0.9974     0.6968
 9260.900      0.9932     0.6863
 9261.000      0.9895     0.7234
 9261.100      0.9894     0.7878
 9261.200      0.9800     0.8480
 9261.300      0.9582     0.8849
 9261.400      0.9288     0.9007
 9261.500      0.9110     0.9059
 9261.600      0.9143     0.9075
 9261.700      0.9345     0.9081
 9261.800      0.9510     0.9085
 9261.900      0.9611     0.9084
 9262.000      0.9698     0.9078
 9262.100      0.9771     0.9050
 9262.200      0.9828     0.8950
 9262.300      0.9833     0.8682
 9262.400      0.9722     0.8164
 9262.500      0.9369     0.7469
 9262.600      0.8631     0.6845
 9262.700      0.7803     0.6548
 9262.800      0.7281     0.6708
 9262.900      0.7439     0.7277
 9263.000      0.8013     0.8014
 9263.100      0.8648     0.8614
 9263.200      0.9068     0.8946
 9263.300      0.9092     0.9080
 9263.400      0.8950     0.9125
 9263.500      0.8888     0.9145
 9263.600      0.8992     0.9156
 9263.700      0.9079     0.9165
 9263.800      0.9060     0.9172
 9263.900      0.8822     0.9177
 9264.000      0.8648     0.9181
 9264.100      0.8618     0.9183
 9264.200      0.8757     0.9183
 9264.300      0.8847     0.9181
 9264.400      0.8790     0.9183
 9264.500      0.8434     0.9189
 9264.600      0.8091     0.9197
 9264.700      0.7826     0.9202
 9264.800      0.8029     0.9205
 9264.900      0.8445     0.9206
 9265.000      0.8923     0.9205
 9265.100      0.9167     0.9201
 9265.200      0.9164     0.9194
 9265.300      0.9033     0.9175
 9265.400      0.8896     0.9123
 9265.500      0.8766     0.8972
 9265.600      0.8732     0.8617
 9265.700      0.8779     0.7999
 9265.800      0.8852     0.7244
 9265.900      0.8856     0.6648
 9266.000      0.8823     0.6485
 9266.100      0.8778     0.6851
 9266.200      0.8759     0.7583
 9266.300      0.8771     0.8338
 9266.400      0.8820     0.8850
 9266.500      0.8922     0.9096
 9266.600      0.9027     0.9190
 9266.700      0.9110     0.9228
 9266.800      0.9180     0.9248
 9266.900      0.9250     0.9261
 9267.000      0.9344     0.9271
 9267.100      0.9474     0.9279
 9267.200      0.9624     0.9285
 9267.300      0.9780     0.9291
 9267.400      0.9905     0.9296
 9267.500      0.9963     0.9301
 9267.600      0.9985     0.9305
 9267.700      1.0001     0.9310
 9267.800      1.0014     0.9313
 9267.900      1.0002     0.9317
 9268.000      0.9988     0.9321
 9268.100      0.9985     0.9326
 9268.200      0.9959     0.9330
 9268.300      0.9866     0.9335
 9268.400      0.9634     0.9338
 9268.500      0.9238     0.9342
 9268.600      0.8788     0.9345
 9268.700      0.8571     0.9348
 9268.800      0.8626     0.9351
 9268.900      0.8819     0.9354
 9269.000      0.8915     0.9357
 9269.100      0.8928     0.9360
 9269.200      0.8896     0.9363
 9269.300      0.8854     0.9366
 9269.400      0.8805     0.9368
 9269.500      0.8752     0.9371
 9269.600      0.8717     0.9374
 9269.700      0.8724     0.9377
 9269.800      0.8788     0.9379
 9269.900      0.8886     0.9382
 9270.000      0.9002     0.9385
 9270.100      0.9125     0.9388
 9270.200      0.9258     0.9390
 9270.300      0.9404     0.9393
 9270.400      0.9571     0.9396
 9270.500      0.9740     0.9398
 9270.600      0.9900     0.9401
 9270.700      0.9994     0.9403
 9270.800      1.0031     0.9406
 9270.900      1.0032     0.9408
 9271.000      0.9973     0.9411
 9271.100      0.9847     0.9413
 9271.200      0.9661     0.9415
 9271.300      0.9450     0.9418
 9271.400      0.9234     0.9420
 9271.500      0.9148     0.9423
 9271.600      0.9190     0.9426
 9271.700      0.9318     0.9428
 9271.800      0.9483     0.9428
 9271.900      0.9644     0.9422
 9272.000      0.9776     0.9402
 9272.100      0.9843     0.9371
 9272.200      0.9804     0.9351
 9272.300      0.9668     0.9365
 9272.400      0.9550     0.9401
 9272.500      0.9495     0.9430
 9272.600      0.9589     0.9445
 9272.700      0.9755     0.9450
 9272.800      0.9936     0.9451
 9272.900      1.0027     0.9449
 9273.000      0.9999     0.9447
 9273.100      0.9908     0.9445
 9273.200      0.9820     0.9447
 9273.300      0.9770     0.9452
 9273.400      0.9826     0.9460
 9273.500      0.9949     0.9467
 9273.600      1.0061     0.9472
 9273.700      1.0084     0.9476
 9273.800      1.0060     0.9480
 9273.900      1.0034     0.9482
 9274.000      1.0051     0.9485
 9274.100      1.0064     0.9487
 9274.200      1.0055     0.9489
 9274.300      0.9962     0.9491
 9274.400      0.9788     0.9493
 9274.500      0.9578     0.9495
 9274.600      0.9412     0.9497
 9274.700      0.9377     0.9499
 9274.800      0.9480     0.9501
 9274.900      0.9589     0.9503
 9275.000      0.9666     0.9506
 9275.100      0.9501     0.9508
 9275.200      0.8995     0.9510
 9275.300      0.8399     0.9512
 9275.400      0.7811     0.9514
 9275.500      0.7472     0.9516
 9275.600      0.7600     0.9518
 9275.700      0.8114     0.9520
 9275.800      0.8709     0.9521
 9275.900      0.9322     0.9523
 9276.000      0.9711     0.9525
 9276.100      0.9863     0.9527
 9276.200      0.9888     0.9529
 9276.300      0.9922     0.9531
 9276.400      0.9936     0.9533
 9276.500      0.9846     0.9535
 9276.600      0.9715     0.9537
 9276.700      0.9602     0.9539
 9276.800      0.9687     0.9540
 9276.900      0.9804     0.9542
 9277.000      0.9925     0.9544
 9277.100      0.9969     0.9546
 9277.200      0.9825     0.9548
 9277.300      0.9443     0.9550
 9277.400      0.8919     0.9551
 9277.500      0.8541     0.9553
 9277.600      0.8671     0.9555
 9277.700      0.9141     0.9557
 9277.800      0.9587     0.9559
 9277.900      0.9710     0.9560
 9278.000      0.9616     0.9562
 9278.100      0.9501     0.9564
 9278.200      0.9550     0.9565
 9278.300      0.9660     0.9567
 9278.400      0.9781     0.9568
 9278.500      0.9754     0.9570
 9278.600      0.9717     0.9571
 9278.700      0.9678     0.9573
 9278.800      0.9743     0.9574
 9278.900      0.9802     0.9576
 9279.000      0.9764     0.9578
 9279.100      0.9550     0.9580
 9279.200      0.9320     0.9582
 9279.300      0.9208     0.9584
 9279.400      0.9297     0.9586
 9279.500      0.9440     0.9588
 9279.600      0.9488     0.9590
 9279.700      0.9355     0.9592
 9279.800      0.9139     0.9595
 9279.900      0.8939     0.9597
 9280.000      0.8846     0.9599
 9280.100      0.8954     0.9601
 9280.200      0.9205     0.9602
 9280.300      0.9448     0.9603
 9280.400      0.9606     0.9605
 9280.500      0.9607     0.9606
 9280.600      0.9490     0.9608
 9280.700      0.9291     0.9610
 9280.800      0.8982     0.9611
 9280.900      0.8420     0.9613
 9281.000      0.7246     0.9614
 9281.100      0.5713     0.9616
 9281.200      0.4105     0.9617
 9281.300      0.3647     0.9619
 9281.400      0.4501     0.9620
 9281.500      0.6008     0.9622
 9281.600      0.7460     0.9623
 9281.700      0.8615     0.9624
 9281.800      0.9016     0.9625
 9281.900      0.8849     0.9625
 9282.000      0.8327     0.9626
 9282.100      0.7634     0.9628
 9282.200      0.7256     0.9630
 9282.300      0.7084     0.9632
 9282.400      0.6946     0.9634
 9282.500      0.6704     0.9635
 9282.600      0.6391     0.9636
 9282.700      0.6943     0.9637
 9282.800      0.7839     0.9639
 9282.900      0.8836     0.9641
 9283.000      0.9328     0.9642
 9283.100      0.9469     0.9643
 9283.200      0.9475     0.9643
 9283.300      0.9554     0.9643
 9283.400      0.9692     0.9643
 9283.500      0.9855     0.9646
 9283.600      0.9973     0.9649
 9283.700      1.0034     0.9651
 9283.800      1.0061     0.9653
 9283.900      1.0031     0.9654
 9284.000      0.9919     0.9656
 9284.100      0.9685     0.9656
 9284.200      0.9478     0.9656
 9284.300      0.9371     0.9657
 9284.400      0.9426     0.9659
 9284.500      0.9485     0.9661
 9284.600      0.9529     0.9662
 9284.700      0.9577     0.9663
 9284.800      0.9616     0.9664
 9284.900      0.9564     0.9666
 9285.000      0.9295     0.9667
 9285.100      0.8973     0.9669
 9285.200      0.8922     0.9671
 9285.300      0.9201     0.9672
 9285.400      0.9600     0.9673
 9285.500      0.9833     0.9675
 9285.600      0.9956     0.9676
 9285.700      1.0009     0.9677
 9285.800      1.0022     0.9677
 9285.900      1.0014     0.9678
 9286.000      0.9996     0.9680
 9286.100      0.9972     0.9681
 9286.200      0.9903     0.9683
 9286.300      0.9685     0.9684
 9286.400      0.9425     0.9686
 9286.500      0.9169     0.9687
 9286.600      0.9010     0.9689
 9286.700      0.8915     0.9691
 9286.800      0.8837     0.9692
 9286.900      0.8694     0.9694
 9287.000      0.8334     0.9695
 9287.100      0.7536     0.9696
 9287.200      0.6223     0.9697
 9287.300      0.5007     0.9698
 9287.400      0.4501     0.9699
 9287.500      0.5307     0.9700
 9287.600      0.6452     0.9701
 9287.700      0.7635     0.9702
 9287.800      0.8343     0.9703
 9287.900      0.8554     0.9704
 9288.000      0.8553     0.9704
 9288.100      0.8652     0.9703
 9288.200      0.8864     0.9701
 9288.300      0.9107     0.9700
 9288.400      0.9312     0.9702
 9288.500      0.9337     0.9705
 9288.600      0.8945     0.9709
 9288.700      0.8043     0.9712
 9288.800      0.6840     0.9713
 9288.900      0.6164     0.9715
 9289.000      0.6233     0.9715
 9289.100      0.6826     0.9716
 9289.200      0.7290     0.9714
 9289.300      0.7715     0.9710
 9289.400      0.8288     0.9707
 9289.500      0.8878     0.9708
 9289.600      0.9467     0.9713
 9289.700      0.9718     0.9719
 9289.800      0.9806     0.9722
 9289.900      0.9801     0.9724
 9290.000      0.9748     0.9725
 9290.100      0.9637     0.9726
 9290.200      0.9491     0.9725
 9290.300      0.9346     0.9722
 9290.400      0.9225     0.9718
 9290.500      0.9174     0.9716
 9290.600      0.9118     0.9717
 9290.700      0.9027     0.9719
 9290.800      0.8786     0.9720
 9290.900      0.8579     0.9722
 9291.000      0.8462     0.9727
 9291.100      0.8495     0.9732
 9291.200      0.8461     0.9735
 9291.300      0.8348     0.9737
 9291.400      0.8384     0.9738
 9291.500      0.8675     0.9738
 9291.600      0.9152     0.9739
 9291.700      0.9507     0.9739
 9291.800      0.9690     0.9738
 9291.900      0.9686     0.9735
 9292.000      0.9487     0.9733
 9292.100      0.9054     0.9735
 9292.200      0.8380     0.9740
 9292.300      0.7982     0.9744
 9292.400      0.8138     0.9747
 9292.500      0.8816     0.9748
 9292.600      0.9435     0.9749
 9292.700      0.9858     0.9750
 9292.800      1.0016     0.9751
 9292.900      1.0020     0.9751
 9293.000      0.9950     0.9752
 9293.100      0.9846     0.9753
 9293.200      0.9748     0.9754
 9293.300      0.9680     0.9755
 9293.400      0.9524     0.9754
 9293.500      0.9068     0.9754
 9293.600      0.8019     0.9755
 9293.700      0.7000     0.9757
 9293.800      0.6133     0.9759
 9293.900      0.6594     0.9760
 9294.000      0.7644     0.9761
 9294.100      0.8873     0.9760
 9294.200      0.9526     0.9759
 9294.300      0.9812     0.9757
 9294.400      0.9934     0.9751
 9294.500      1.0011     0.9747
 9294.600      1.0052     0.9749
 9294.700      1.0042     0.9757
 9294.800      0.9929     0.9765
 9294.900      0.9677     0.9769
 9295.000      0.9298     0.9770
 9295.100      0.8991     0.9771
 9295.200      0.8811     0.9772
 9295.300      0.8717     0.9772
 9295.400      0.8340     0.9772
 9295.500      0.7635     0.9773
 9295.600      0.7220     0.9774
 9295.700      0.7478     0.9775
 9295.800      0.8332     0.9776
 9295.900      0.9070     0.9777
 9296.000      0.9565     0.9777
 9296.100      0.9741     0.9778
 9296.200      0.9730     0.9777
 9296.300      0.9690     0.9774
 9296.400      0.9664     0.9772
 9296.500      0.9563     0.9769
 9296.600      0.9219     0.9756
 9296.700      0.8283     0.9722
 9296.800      0.7348     0.9670
 9296.900      0.6418     0.9623
 9297.000      0.6298     0.9561
 9297.100      0.6580     0.9429
 9297.200      0.6987     0.9269
 9297.300      0.6799     0.9240
 9297.400      0.6153     0.9396
 9297.500      0.5339     0.9601
 9297.600      0.4968     0.9728
 9297.700      0.5379     0.9775
 9297.800      0.6498     0.9786
 9297.900      0.7679     0.9789
 9298.000      0.8859     0.9791
 9298.100      0.9432     0.9791
 9298.200      0.9719     0.9792
 9298.300      0.9873     0.9792
 9298.400      0.9992     0.9792
 9298.500      1.0050     0.9791
 9298.600      1.0008     0.9790
 9298.700      0.9793     0.9791
 9298.800      0.9560     0.9793
 9298.900      0.9424     0.9795
 9299.000      0.9514     0.9796
 9299.100      0.9675     0.9797
 9299.200      0.9813     0.9798
 9299.300      0.9797     0.9798
 9299.400      0.9509     0.9799
 9299.500      0.8959     0.9800
 9299.600      0.8524     0.9801
 9299.700      0.8223     0.9802
 9299.800      0.7872     0.9803
 9299.900      0.7149     0.9803
 9300.000      0.5888     0.9805
 9300.100      0.4786     0.9806
 9300.200      0.4184     0.9807
 9300.300      0.4445     0.9807
 9300.400      0.5048     0.9808
 9300.500      0.5685     0.9808
 9300.600      0.6239     0.9809
 9300.700      0.6870     0.9809
 9300.800      0.7557     0.9809
 9300.900      0.8095     0.9810
 9301.000      0.8422     0.9811
 9301.100      0.8632     0.9812
 9301.200      0.8970     0.9812
 9301.300      0.9354     0.9813
 9301.400      0.9749     0.9813
 9301.500      0.9975     0.9814
 9301.600      1.0028     0.9814
 9301.700      0.9995     0.9814
 9301.800      0.9976     0.9815
 9301.900      0.9979     0.9816
 9302.000      0.9995     0.9817
 9302.100      0.9990     0.9817
 9302.200      0.9923     0.9818
 9302.300      0.9770     0.9818
 9302.400      0.9459     0.9819
 9302.500      0.8833     0.9820
 9302.600      0.7524     0.9820
 9302.700      0.5977     0.9821
 9302.800      0.4367     0.9821
 9302.900      0.3499     0.9821
 9303.000      0.3503     0.9822
 9303.100      0.4042     0.9821
 9303.200      0.4674     0.9816
 9303.300      0.5178     0.9798
 9303.400      0.4753     0.9753
 9303.500      0.4557     0.9690
 9303.600      0.5001     0.9657
 9303.700      0.6595     0.9688
 9303.800      0.8062     0.9752
 9303.900      0.9051     0.9800
 9304.000      0.9309     0.9821
 9304.100      0.8777     0.9826
 9304.200      0.7817     0.9826
 9304.300      0.6916     0.9822
 9304.400      0.6423     0.9815
 9304.500      0.7081     0.9808
 9304.600      0.8195     0.9805
 9304.700      0.9312     0.9808
 9304.800      0.9787     0.9812
 9304.900      0.9833     0.9813
 9305.000      0.9754     0.9816
 9305.100      0.9668     0.9823
 9305.200      0.9657     0.9829
 9305.300      0.9760     0.9832
 9305.400      0.9889     0.9833
 9305.500      0.9955     0.9833
 9305.600      0.9822     0.9831
 9305.700      0.9591     0.9828
 9305.800      0.9272     0.9827
 9305.900      0.8840     0.9829
 9306.000      0.7971     0.9833
 9306.100      0.6556     0.9836
 9306.200      0.4752     0.9837
 9306.300      0.3516     0.9838
 9306.400      0.3585     0.9839
 9306.500      0.5281     0.9840
 9306.600      0.6913     0.9840
 9306.700      0.8225     0.9841
 9306.800      0.8470     0.9841
 9306.900      0.7986     0.9842
 9307.000      0.7206     0.9842
 9307.100      0.7029     0.9843
 9307.200      0.7597     0.9843
 9307.300      0.8615     0.9844
 9307.400      0.9403     0.9844
 9307.500      0.9821     0.9844
 9307.600      0.9928     0.9844
 9307.700      0.9893     0.9844
 9307.800      0.9830     0.9843
 9307.900      0.9888     0.9841
 9308.000      1.0027     0.9839
 9308.100      1.0196     0.9841
 9308.200      1.0300     0.9844
 9308.300      1.0320     0.9846
 9308.400      1.0236     0.9848
 9308.500      1.0003     0.9848
 9308.600      0.9751     0.9849
 9308.700      0.9538     0.9849
 9308.800      0.9532     0.9850
 9308.900      0.9687     0.9850
 9309.000      0.9898     0.9850
 9309.100      1.0035     0.9850
 9309.200      1.0030     0.9849
 9309.300      0.9928     0.9845
 9309.400      0.9565     0.9841
 9309.500      0.8930     0.9841
 9309.600      0.8162     0.9845
 9309.700      0.7610     0.9849
 9309.800      0.7710     0.9852
 9309.900      0.8161     0.9852
 9310.000      0.8522     0.9850
 9310.100      0.8056     0.9846
 9310.200      0.6624     0.9841
 9310.300      0.4837     0.9841
 9310.400      0.2986     0.9845
 9310.500      0.1710     0.9851
 9310.600      0.1695     0.9854
 9310.700      0.3000     0.9856
 9310.800      0.4812     0.9857
 9310.900      0.6759     0.9857
 9311.000      0.7926     0.9857
 9311.100      0.8269     0.9858
 9311.200      0.8037     0.9857
 9311.300      0.7596     0.9856
 9311.400      0.7041     0.9853
 9311.500      0.6380     0.9851
 9311.600      0.5200     0.9851
 9311.700      0.3711     0.9851
 9311.800      0.2149     0.9847
 9311.900      0.0932     0.9838
 9312.000      0.0527     0.9832
 9312.100      0.1009     0.9834
 9312.200      0.2380     0.9844
 9312.300      0.4138     0.9853
 9312.400      0.5921     0.9859
 9312.500      0.7509     0.9861
 9312.600      0.8452     0.9862
 9312.700      0.8996     0.9862
 9312.800      0.9329     0.9861
 9312.900      0.9548     0.9860
 9313.000      0.9688     0.9860
 9313.100      0.9791     0.9862
 9313.200      0.9875     0.9864
 9313.300      0.9904     0.9866
 9313.400      0.9889     0.9866
 9313.500      0.9853     0.9867
 9313.600      0.9868     0.9867
 9313.700      0.9940     0.9867
 9313.800      0.9892     0.9868
 9313.900      0.9428     0.9868
 9314.000      0.8389     0.9868
 9314.100      0.7184     0.9869
 9314.200      0.6227     0.9869
 9314.300      0.6576     0.9869
 9314.400      0.7800     0.9869
 9314.500      0.9133     0.9869
 9314.600      0.9886     0.9869
 9314.700      1.0175     0.9869
 9314.800      1.0199     0.9870
 9314.900      1.0101     0.9870
 9315.000      0.9985     0.9871
 9315.100      0.9865     0.9870
 9315.200      0.9926     0.9869
 9315.300      1.0120     0.9867
 9315.400      1.0371     0.9866
 9315.500      1.0562     0.9868
 9315.600      1.0628     0.9871
 9315.700      1.0568     0.9872
 9315.800      1.0520     0.9873
 9315.900      1.0489     0.9873
 9316.000      1.0467     0.9874
 9316.100      1.0361     0.9874
 9316.200      1.0011     0.9874
 9316.300      0.9204     0.9875
 9316.400      0.8451     0.9875
 9316.500      0.7961     0.9875
 9316.600      0.8387     0.9875
 9316.700      0.8943     0.9873
 9316.800      0.9513     0.9869
 9316.900      0.9820     0.9864
 9317.000      0.9850     0.9862
 9317.100      0.9661     0.9866
 9317.200      0.9221     0.9872
 9317.300      0.8330     0.9876
 9317.400      0.6689     0.9877
 9317.500      0.4905     0.9877
 9317.600      0.3127     0.9877
 9317.700      0.3025     0.9877
 9317.800      0.4148     0.9873
 9317.900      0.5745     0.9860
 9318.000      0.6683     0.9828
 9318.100      0.6469     0.9784
 9318.200      0.5208     0.9759
 9318.300      0.3653     0.9777
 9318.400      0.2223     0.9820
 9318.500      0.1491     0.9856
 9318.600      0.1105     0.9872
 9318.700      0.1010     0.9876
 9318.800      0.1161     0.9875
 9318.900      0.1291     0.9875
 9319.000      0.1331     0.9875
 9319.100      0.0929     0.9875
 9319.200      0.0545     0.9873
 9319.300      0.0270     0.9866
 9319.400      0.0486     0.9853
 9319.500      0.1350     0.9837
 9319.600      0.2800     0.9831
 9319.700      0.4579     0.9840
 9319.800      0.6306     0.9854
 9319.900      0.7551     0.9865
 9320.000      0.8403     0.9869
 9320.100      0.8956     0.9870
 9320.200      0.9307     0.9868
 9320.300      0.9470     0.9864
 9320.400      0.9580     0.9857
 9320.500      0.9689     0.9849
 9320.600      0.9764     0.9842
 9320.700      0.9740     0.9842
 9320.800      0.9626     0.9848
 9320.900      0.9378     0.9856
 9321.000      0.8893     0.9864
 9321.100      0.7959     0.9870
 9321.200      0.6460     0.9874
 9321.300      0.4552     0.9876
 9321.400      0.2774     0.9878
 9321.500      0.1456     0.9880
 9321.600      0.1447     0.9881
 9321.700      0.2752     0.9882
 9321.800      0.4611     0.9883
 9321.900      0.6575     0.9883
 9322.000      0.8245     0.9884
 9322.100      0.9222     0.9885
 9322.200      0.9746     0.9886
 9322.300      0.9961     0.9887
 9322.400      0.9988     0.9887
 9322.500      0.9891     0.9888
 9322.600      0.9813     0.9888
 9322.700      0.9819     0.9888
 9322.800      0.9783     0.9886
 9322.900      0.9543     0.9882
 9323.000      0.8685     0.9877
 9323.100      0.7674     0.9876
 9323.200      0.6652     0.9881
 9323.300      0.6810     0.9886
 9323.400      0.7767     0.9890
 9323.500      0.9019     0.9891
 9323.600      0.9965     0.9891
 9323.700      1.0508     0.9891
 9323.800      1.0647     0.9890
 9323.900      1.0491     0.9890
 9324.000      1.0271     0.9889
 9324.100      1.0040     0.9888
 9324.200      0.9989     0.9888
 9324.300      1.0046     0.9890
 9324.400      1.0119     0.9892
 9324.500      1.0090     0.9893
 9324.600      0.9732     0.9893
 9324.700      0.8654     0.9887
 9324.800      0.6953     0.9872
 9324.900      0.5011     0.9849
 9325.000      0.4095     0.9832
 9325.100      0.4449     0.9836
 9325.200      0.5542     0.9850
 9325.300      0.5969     0.9858
 9325.400      0.5294     0.9863
 9325.500      0.3723     0.9873
 9325.600      0.2699     0.9885
 9325.700      0.2915     0.9892
 9325.800      0.4592     0.9895
 9325.900      0.6278     0.9895
 9326.000      0.7953     0.9895
 9326.100      0.8703     0.9895
 9326.200      0.8821     0.9895
 9326.300      0.8315     0.9894
 9326.400      0.6989     0.9893
 9326.500      0.5329     0.9891
 9326.600      0.3565     0.9881
 9326.700      0.2872     0.9852
 9326.800      0.3523     0.9796
 9326.900      0.4996     0.9739
 9327.000      0.5997     0.9730
 9327.100      0.5943     0.9771
 9327.200      0.4623     0.9815
 9327.300      0.3295     0.9830
 9327.400      0.1989     0.9818
 9327.500      0.1568     0.9804
 9327.600      0.1208     0.9804
 9327.700      0.0860     0.9820
 9327.800      0.0514     0.9843
 9327.900      0.0251     0.9862
 9328.000      0.0386     0.9875
 9328.100      0.1020     0.9883
 9328.200      0.2332     0.9888
 9328.300      0.4190     0.9891
 9328.400      0.6006     0.9894
 9328.500      0.7638     0.9896
 9328.600      0.8638     0.9897
 9328.700      0.9258     0.9898
 9328.800      0.9626     0.9899
 9328.900      0.9818     0.9900
 9329.000      0.9872     0.9901
 9329.100      0.9879     0.9902
 9329.200      0.9929     0.9902
 9329.300      0.9980     0.9903
 9329.400      1.0002     0.9903
 9329.500      0.9887     0.9903
 9329.600      0.9642     0.9904
 9329.700      0.9279     0.9904
 9329.800      0.8661     0.9904
 9329.900      0.7514     0.9904
 9330.000      0.5578     0.9905
 9330.100      0.3659     0.9905
 9330.200      0.1854     0.9905
 9330.300      0.1617     0.9906
 9330.400      0.2901     0.9906
 9330.500      0.4853     0.9906
 9330.600      0.6741     0.9906
 9330.700      0.8228     0.9907
 9330.800      0.8803     0.9907
 9330.900      0.8843     0.9907
 9331.000      0.8633     0.9907
 9331.100      0.8321     0.9907
 9331.200      0.8345     0.9907
 9331.300      0.8859     0.9907
 9331.400      0.9716     0.9906
 9331.500      1.0383     0.9903
 9331.600      1.0708     0.9898
 9331.700      1.0774     0.9896
 9331.800      1.0826     0.9897
 9331.900      1.0866     0.9902
 9332.000      1.0830     0.9906
 9332.100      1.0685     0.9908
 9332.200      1.0469     0.9909
 9332.300      1.0256     0.9910
 9332.400      1.0089     0.9910
 9332.500      1.0039     0.9910
 9332.600      0.9807     0.9910
 9332.700      0.9158     0.9910
 9332.800      0.8009     0.9911
 9332.900      0.7155     0.9911
 9333.000      0.7024     0.9911
 9333.100      0.7910     0.9911
 9333.200      0.8703     0.9910
 9333.300      0.9162     0.9910
 9333.400      0.9121     0.9910
 9333.500      0.8790     0.9910
 9333.600      0.8198     0.9911
 9333.700      0.6768     0.9911
 9333.800      0.5182     0.9909
 9333.900      0.3627     0.9906
 9334.000      0.3249     0.9903
 9334.100      0.4369     0.9903
 9334.200      0.6381     0.9907
 9334.300      0.8139     0.9910
 9334.400      0.9303     0.9912
 9334.500      0.9763     0.9913
 9334.600      0.9969     0.9913
 9334.700      1.0052     0.9913
 9334.800      1.0066     0.9913
 9334.900      0.9984     0.9914
 9335.000      0.9805     0.9914
 9335.100      0.9573     0.9914
 9335.200      0.9271     0.9914
 9335.300      0.8848     0.9914
 9335.400      0.8250     0.9914
 9335.500      0.7393     0.9914
 9335.600      0.6190     0.9915
 9335.700      0.4615     0.9915
 9335.800      0.2927     0.9915
 9335.900      0.1522     0.9915
 9336.000      0.0622     0.9915
 9336.100      0.0476     0.9915
 9336.200      0.1060     0.9915
 9336.300      0.2118     0.9915
 9336.400      0.3368     0.9915
 9336.500      0.4275     0.9915
 9336.600      0.4495     0.9916
 9336.700      0.3847     0.9916
 9336.800      0.2671     0.9916
 9336.900      0.1449     0.9916
 9337.000      0.0796     0.9916
 9337.100      0.0979     0.9916
 9337.200      0.2061     0.9917
 9337.300      0.3896     0.9917
 9337.400      0.5652     0.9917
 9337.500      0.7064     0.9917
 9337.600      0.7671     0.9917
 9337.700      0.7731     0.9917
 9337.800      0.7444     0.9917
 9337.900      0.6860     0.9917
 9338.000      0.6273     0.9917
 9338.100      0.5889     0.9917
 9338.200      0.5826     0.9917
 9338.300      0.5732     0.9917
 9338.400      0.4900     0.9917
 9338.500      0.4108     0.9917
 9338.600      0.3542     0.9917
 9338.700      0.4714     0.9917
 9338.800      0.5892     0.9917
 9338.900      0.7072     0.9917
 9339.000      0.7557     0.9917
 9339.100      0.8005     0.9916
 9339.200      0.8499     0.9916
 9339.300      0.8530     0.9915
 9339.400      0.7705     0.9915
 9339.500      0.6132     0.9914
 9339.600      0.4809     0.9913
 9339.700      0.4344     0.9911
 9339.800      0.5564     0.9909
 9339.900      0.6903     0.9906
 9340.000      0.8234     0.9902
 9340.100      0.8204     0.9895
 9340.200      0.7829     0.9884
 9340.300      0.7368     0.9866
 9340.400      0.7556     0.9845
 9340.500      0.7709     0.9831
 9340.600      0.7345     0.9832
 9340.700      0.5904     0.9849
 9340.800      0.4293     0.9870
 9340.900      0.3001     0.9886
 9341.000      0.3035     0.9894
 9341.100      0.4028     0.9896
 9341.200      0.5331     0.9894
 9341.300      0.6137     0.9896
 9341.400      0.5929     0.9902
 9341.500      0.4778     0.9910
 9341.600      0.3339     0.9915
 9341.700      0.1831     0.9917
 9341.800      0.0854     0.9918
 9341.900      0.0572     0.9919
 9342.000      0.1067     0.9920
 9342.100      0.2302     0.9920
 9342.200      0.3817     0.9920
 9342.300      0.5420     0.9920
 9342.400      0.6757     0.9921
 9342.500      0.7645     0.9921
 9342.600      0.8142     0.9921
 9342.700      0.8498     0.9922
 9342.800      0.8772     0.9921
 9342.900      0.8980     0.9920
 9343.000      0.9132     0.9918
 9343.100      0.9234     0.9917
 9343.200      0.9289     0.9916
 9343.300      0.9236     0.9914
 9343.400      0.9086     0.9913
 9343.500      0.8942     0.9915
 9343.600      0.8835     0.9919
 9343.700      0.8810     0.9921
 9343.800      0.8752     0.9922
 9343.900      0.8625     0.9922
 9344.000      0.8400     0.9922
 9344.100      0.8044     0.9923
 9344.200      0.7568     0.9924
 9344.300      0.7017     0.9924
 9344.400      0.6320     0.9924
 9344.500      0.5391     0.9924
 9344.600      0.4093     0.9922
 9344.700      0.2781     0.9915
 9344.800      0.1539     0.9904
 9344.900      0.0677     0.9895
 9345.000      0.0230     0.9897
 9345.100      0.0099     0.9908
 9345.200      0.0149     0.9918
 9345.300      0.0398     0.9924
 9345.400      0.0896     0.9925
 9345.500      0.1504     0.9926
 9345.600      0.2127     0.9926
 9345.700      0.2235     0.9926
 9345.800      0.1818     0.9926
 9345.900      0.1166     0.9926
 9346.000      0.0649     0.9927
 9346.100      0.0463     0.9927
 9346.200      0.0577     0.9927
 9346.300      0.0675     0.9927
 9346.400      0.0667     0.9927
 9346.500      0.0452     0.9927
 9346.600      0.0290     0.9927
 9346.700      0.0301     0.9927
 9346.800      0.0741     0.9928
 9346.900      0.1646     0.9928
 9347.000      0.2699     0.9928
 9347.100      0.3692     0.9928
 9347.200      0.4434     0.9928
 9347.300      0.4652     0.9928
 9347.400      0.4399     0.9928
 9347.500      0.3722     0.9928
 9347.600      0.2796     0.9928
 9347.700      0.1793     0.9928
 9347.800      0.0856     0.9928
 9347.900      0.0336     0.9928
 9348.000      0.0168     0.9928
 9348.100      0.0326     0.9928
 9348.200      0.0774     0.9929
 9348.300      0.1544     0.9929
 9348.400      0.2592     0.9929
 9348.500      0.3889     0.9929
 9348.600      0.5090     0.9929
 9348.700      0.5979     0.9928
 9348.800      0.6397     0.9927
 9348.900      0.6732     0.9925
 9349.000      0.7029     0.9924
 9349.100      0.7177     0.9924
 9349.200      0.7103     0.9924
 9349.300      0.6853     0.9924
 9349.400      0.6786     0.9924
 9349.500      0.7121     0.9925
 9349.600      0.7914     0.9927
 9349.700      0.8634     0.9929
 9349.800      0.9124     0.9930
 9349.900      0.9115     0.9930
 9350.000      0.9075     0.9928
 9350.100      0.9031     0.9919
 9350.200      0.9205     0.9897
 9350.300      0.9458     0.9867
 9350.400      0.9729     0.9852
 9350.500      0.9887     0.9868
 9350.600      0.9815     0.9898
 9350.700      0.9525     0.9920
 9350.800      0.9255     0.9928
 9350.900      0.9103     0.9931
 9351.000      0.9358     0.9931
 9351.100      0.9664     0.9931
 9351.200      0.9971     0.9931
 9351.300      0.9999     0.9931
 9351.400      0.9958     0.9931
 9351.500      0.9900     0.9932
 9351.600      0.9936     0.9932
 9351.700      0.9981     0.9932
 9351.800      1.0020     0.9932
 9351.900      1.0018     0.9932
 9352.000      1.0015     0.9932
 9352.100      1.0044     0.9932
 9352.200      1.0014     0.9932
 9352.300      0.9892     0.9932
 9352.400      0.9697     0.9932
 9352.500      0.9465     0.9932
 9352.600      0.9159     0.9932
 9352.700      0.8236     0.9932
 9352.800      0.7122     0.9932
 9352.900      0.5958     0.9932
 9353.000      0.6089     0.9932
 9353.100      0.7095     0.9932
 9353.200      0.8443     0.9932
 9353.300      0.9321     0.9931
 9353.400      0.9766     0.9930
 9353.500      0.9966     0.9928
 9353.600      1.0010     0.9925
 9353.700      1.0010     0.9924
 9353.800      0.9996     0.9925
 9353.900      0.9980     0.9927
 9354.000      0.9962     0.9929
 9354.100      0.9900     0.9928
 9354.200      0.9807     0.9928
 9354.300      0.9685     0.9927
 9354.400      0.9525     0.9926
 9354.500      0.9410     0.9923
 9354.600      0.9380     0.9919
 9354.700      0.9343     0.9920
 9354.800      0.9268     0.9926
 9354.900      0.8993     0.9931
 9355.000      0.8475     0.9933
 9355.100      0.7543     0.9934
 9355.200      0.6027     0.9934
 9355.300      0.4315     0.9934
 9355.400      0.2582     0.9934
 9355.500      0.1778     0.9934
 9355.600      0.1735     0.9934
 9355.700      0.1995     0.9935
 9355.800      0.1853     0.9935
 9355.900      0.1450     0.9935
 9356.000      0.0948     0.9935
 9356.100      0.1007     0.9935
 9356.200      0.1265     0.9935
 9356.300      0.1545     0.9935
 9356.400      0.1417     0.9935
 9356.500      0.1007     0.9934
 9356.600      0.0542     0.9933
 9356.700      0.0206     0.9932
 9356.800      0.0144     0.9932
 9356.900      0.0316     0.9933
 9357.000      0.0835     0.9934
 9357.100      0.1726     0.9935
 9357.200      0.2975     0.9935
 9357.300      0.4191     0.9935
 9357.400      0.5119     0.9935
 9357.500      0.5335     0.9935
 9357.600      0.5423     0.9935
 9357.700      0.5580     0.9935
 9357.800      0.6301     0.9936
 9357.900      0.7242     0.9936
 9358.000      0.8119     0.9936
 9358.100      0.8748     0.9936
 9358.200      0.9083     0.9935
 9358.300      0.9269     0.9934
 9358.400      0.9367     0.9931
 9358.500      0.9397     0.9929
 9358.600      0.9366     0.9929
 9358.700      0.9193     0.9931
 9358.800      0.8867     0.9934
 9358.900      0.8492     0.9935
 9359.000      0.8199     0.9936
 9359.100      0.8172     0.9935
 9359.200      0.8166     0.9933
 9359.300      0.8135     0.9929
 9359.400      0.7769     0.9927
 9359.500      0.7040     0.9929
 9359.600      0.5887     0.9932
 9359.700      0.4228     0.9935
 9359.800      0.2613     0.9937
 9359.900      0.1206     0.9937
 9360.000      0.0446     0.9937
 9360.100      0.0132     0.9937
 9360.200      0.0124     0.9937
 9360.300      0.0372     0.9937
 9360.400      0.0795     0.9937
 9360.500      0.1307     0.9937
 9360.600      0.1571     0.9937
 9360.700      0.1466     0.9937
 9360.800      0.1099     0.9937
 9360.900      0.0746     0.9937
 9361.000      0.0444     0.9937
 9361.100      0.0285     0.9937
 9361.200      0.0384     0.9937
 9361.300      0.0910     0.9937
 9361.400      0.2013     0.9937
 9361.500      0.3398     0.9938
 9361.600      0.4877     0.9938
 9361.700      0.6222     0.9938
 9361.800      0.7348     0.9938
 9361.900      0.8210     0.9938
 9362.000      0.8862     0.9938
 9362.100      0.9311     0.9937
 9362.200      0.9562     0.9936
 9362.300      0.9659     0.9934
 9362.400      0.9629     0.9934
 9362.500      0.9465     0.9936
 9362.600      0.9337     0.9937
 9362.700      0.9279     0.9938
 9362.800      0.9253     0.9938
 9362.900      0.9158     0.9938
 9363.000      0.8933     0.9938
 9363.100      0.8927     0.9938
 9363.200      0.9134     0.9938
 9363.300      0.9441     0.9939
 9363.400      0.9395     0.9939
 9363.500      0.8703     0.9939
 9363.600      0.7404     0.9939
 9363.700      0.6521     0.9939
 9363.800      0.6584     0.9939
 9363.900      0.7777     0.9939
 9364.000      0.8836     0.9939
 9364.100      0.9466     0.9939
 9364.200      0.9469     0.9939
 9364.300      0.9445     0.9939
 9364.400      0.9480     0.9939
 9364.500      0.9650     0.9939
 9364.600      0.9820     0.9939
 9364.700      0.9924     0.9939
 9364.800      1.0115     0.9939
 9364.900      1.0339     0.9939
 9365.000      1.0508     0.9939
 9365.100      1.0575     0.9939
 9365.200      1.0558     0.9939
 9365.300      1.0512     0.9939
 9365.400      1.0419     0.9939
 9365.500      1.0247     0.9939
 9365.600      0.9833     0.9940
 9365.700      0.9353     0.9940
 9365.800      0.8858     0.9939
 9365.900      0.8893     0.9937
 9366.000      0.9315     0.9933
 9366.100      0.9876     0.9928
 9366.200      1.0188     0.9926
 9366.300      1.0211     0.9930
 9366.400      1.0085     0.9935
 9366.500      0.9922     0.9938
 9366.600      0.9726     0.9940
 9366.700      0.9457     0.9940
 9366.800      0.9031     0.9940
 9366.900      0.8272     0.9940
 9367.000      0.6927     0.9940
 9367.100      0.5126     0.9940
 9367.200      0.3124     0.9940
 9367.300      0.1582     0.9940
 9367.400      0.0926     0.9940
 9367.500      0.1461     0.9941
 9367.600      0.3016     0.9941
 9367.700      0.4755     0.9941
 9367.800      0.6399     0.9941
 9367.900      0.7652     0.9941
 9368.000      0.8313     0.9941
 9368.100      0.8536     0.9941
 9368.200      0.8429     0.9941
 9368.300      0.8015     0.9941
 9368.400      0.7246     0.9941
 9368.500      0.6004     0.9941
 9368.600      0.4443     0.9941
 9368.700      0.2838     0.9941
 9368.800      0.1361     0.9941
 9368.900      0.0719     0.9941
 9369.000      0.0946     0.9941
 9369.100      0.1960     0.9941
 9369.200      0.3520     0.9941
 9369.300      0.5066     0.9941
 9369.400      0.6539     0.9941
 9369.500      0.7400     0.9941
 9369.600      0.7565     0.9941
 9369.700      0.7408     0.9941
 9369.800      0.7337     0.9941
 9369.900      0.7637     0.9941
 9370.000      0.8355     0.9941
 9370.100      0.9068     0.9941
 9370.200      0.9693     0.9941
 9370.300      0.9960     0.9941
 9370.400      1.0022     0.9941
 9370.500      0.9997     0.9941
 9370.600      0.9934     0.9941
 9370.700      0.9813     0.9941
 9370.800      0.9619     0.9941
 9370.900      0.9330     0.9941
 9371.000      0.9007     0.9941
 9371.100      0.8657     0.9941
 9371.200      0.8261     0.9941
 9371.300      0.7722     0.9942
 9371.400      0.6828     0.9942
 9371.500      0.5390     0.9942
 9371.600      0.3809     0.9942
 9371.700      0.2204     0.9942
 9371.800      0.0994     0.9942
 9371.900      0.0502     0.9941
 9372.000      0.0746     0.9941
 9372.100      0.1561     0.9941
 9372.200      0.2512     0.9941
 9372.300      0.3215     0.9942
 9372.400      0.3800     0.9942
 9372.500      0.4349     0.9942
 9372.600      0.5267     0.9941
 9372.700      0.6180     0.9940
 9372.800      0.6884     0.9938
 9372.900      0.7201     0.9937
 9373.000      0.7154     0.9938
 9373.100      0.6795     0.9940
 9373.200      0.6042     0.9941
 9373.300      0.4902     0.9941
 9373.400      0.3456     0.9940
 9373.500      0.2114     0.9937
 9373.600      0.1070     0.9934
 9373.700      0.0536     0.9933
 9373.800      0.0259     0.9934
 9373.900      0.0141     0.9937
 9374.000      0.0124     0.9940
 9374.100      0.0273     0.9941
 9374.200      0.0680     0.9941
 9374.300      0.1431     0.9941
 9374.400      0.2422     0.9940
 9374.500      0.3527     0.9940
 9374.600      0.4591     0.9941
 9374.700      0.5602     0.9942
 9374.800      0.6574     0.9942
 9374.900      0.7452     0.9942
 9375.000      0.8152     0.9942
 9375.100      0.8543     0.9942
 9375.200      0.8686     0.9942
 9375.300      0.8600     0.9942
 9375.400      0.8236     0.9943
 9375.500      0.7805     0.9943
 9375.600      0.7360     0.9943
 9375.700      0.7544     0.9943
 9375.800      0.8238     0.9943
 9375.900      0.9136     0.9943
 9376.000      0.9772     0.9943
 9376.100      1.0058     0.9943
 9376.200      1.0127     0.9943
 9376.300      1.0181     0.9943
 9376.400      1.0215     0.9943
 9376.500      1.0075     0.9941
 9376.600      0.9734     0.9935
 9376.700      0.9300     0.9915
 9376.800      0.9195     0.9875
 9376.900      0.9365     0.9835
 9377.000      0.9659     0.9829
 9377.100      0.9842     0.9865
 9377.200      0.9873     0.9908
 9377.300      0.9706     0.9932
 9377.400      0.9146     0.9940
 9377.500      0.8092     0.9942
 9377.600      0.6624     0.9942
 9377.700      0.5581     0.9942
 9377.800      0.5529     0.9942
 9377.900      0.6711     0.9943
 9378.000      0.7811     0.9943
 9378.100      0.8639     0.9943
 9378.200      0.9049     0.9943
 9378.300      0.9356     0.9942
 9378.400      0.9610     0.9942
 9378.500      0.9725     0.9942
 9378.600      0.9687     0.9941
 9378.700      0.9555     0.9941
 9378.800      0.9452     0.9941
 9378.900      0.9362     0.9941
 9379.000      0.9247     0.9942
 9379.100      0.9042     0.9942
 9379.200      0.8656     0.9942
 9379.300      0.8018     0.9941
 9379.400      0.7292     0.9939
 9379.500      0.6513     0.9936
 9379.600      0.5695     0.9934
 9379.700      0.4687     0.9933
 9379.800      0.3445     0.9934
 9379.900      0.2178     0.9934
 9380.000      0.1009     0.9933
 9380.100      0.0411     0.9931
 9380.200      0.0258     0.9932
 9380.300      0.0558     0.9934
 9380.400      0.1297     0.9938
 9380.500      0.2439     0.9940
 9380.600      0.3687     0.9942
 9380.700      0.4863     0.9942
 9380.800      0.5899     0.9943
 9380.900      0.6742     0.9943
 9381.000      0.7452     0.9943
 9381.100      0.7974     0.9943
 9381.200      0.8302     0.9943
 9381.300      0.8521     0.9943
 9381.400      0.8644     0.9943
 9381.500      0.8659     0.9943
 9381.600      0.8478     0.9943
 9381.700      0.8011     0.9943
 9381.800      0.7176     0.9943
 9381.900      0.5852     0.9944
 9382.000      0.4370     0.9944
 9382.100      0.3181     0.9944
 9382.200      0.2805     0.9944
 9382.300      0.3525     0.9944
 9382.400      0.4956     0.9944
 9382.500      0.6277     0.9944
 9382.600      0.7024     0.9944
 9382.700      0.7128     0.9944
 9382.800      0.6812     0.9943
 9382.900      0.6243     0.9943
 9383.000      0.5464     0.9943
 9383.100      0.4458     0.9943
 9383.200      0.3215     0.9942
 9383.300      0.2016     0.9941
 9383.400      0.0981     0.9941
 9383.500      0.0410     0.9942
 9383.600      0.0160     0.9943
 9383.700      0.0152     0.9943
 9383.800      0.0307     0.9944
 9383.900      0.0691     0.9944
 9384.000      0.1380     0.9944
 9384.100      0.2502     0.9944
 9384.200      0.3674     0.9944
 9384.300      0.4720     0.9944
 9384.400      0.5085     0.9944
 9384.500      0.4900     0.9944
 9384.600      0.4512     0.9944
 9384.700      0.4690     0.9943
 9384.800      0.5620     0.9943
 9384.900      0.6891     0.9943
 9385.000      0.7967     0.9943
 9385.100      0.8609     0.9943
 9385.200      0.8975     0.9942
 9385.300      0.9197     0.9941
 9385.400      0.9315     0.9941
 9385.500      0.9316     0.9941
 9385.600      0.9184     0.9941
 9385.700      0.8887     0.9941
 9385.800      0.8261     0.9942
 9385.900      0.7548     0.9942
 9386.000      0.6914     0.9942
 9386.100      0.6779     0.9941
 9386.200      0.7222     0.9937
 9386.300      0.7940     0.9919
 9386.400      0.8536     0.9846
 9386.500      0.8881     0.9638
 9386.600      0.9095     0.9244
 9386.700      0.9253     0.8786
 9386.800      0.9378     0.8561
 9386.900      0.9452     0.8748
 9387.000      0.9522     0.9195
 9387.100      0.9597     0.9605
 9387.200      0.9605     0.9830
 9387.300      0.9582     0.9912
 9387.400      0.9556     0.9934
 9387.500      0.9475     0.9939
 9387.600      0.9358     0.9941
 9387.700      0.9246     0.9942
 9387.800      0.9212     0.9942
 9387.900      0.9254     0.9939
 9388.000      0.9224     0.9934
 9388.100      0.9064     0.9928
 9388.200      0.8789     0.9925
 9388.300      0.8498     0.9930
 9388.400      0.8182     0.9936
 9388.500      0.7789     0.9939
 9388.600      0.7162     0.9939
 9388.700      0.6099     0.9937
 9388.800      0.4539     0.9936
 9388.900      0.2983     0.9937
 9389.000      0.1462     0.9939
 9389.100      0.0629     0.9941
 9389.200      0.0297     0.9943
 9389.300      0.0268     0.9943
 9389.400      0.0339     0.9943
 9389.500      0.0636     0.9943
 9389.600      0.1348     0.9943
 9389.700      0.2652     0.9943
 9389.800      0.4029     0.9943
 9389.900      0.5251     0.9943
 9390.000      0.5847     0.9943
 9390.100      0.5650     0.9943
 9390.200      0.4894     0.9943
 9390.300      0.4506     0.9943
 9390.400      0.4932     0.9942
 9390.500      0.6286     0.9942
 9390.600      0.7514     0.9942
 9390.700      0.8358     0.9943
 9390.800      0.8717     0.9943
 9390.900      0.8856     0.9943
 9391.000      0.8876     0.9943
 9391.100      0.8773     0.9943
 9391.200      0.8744     0.9942
 9391.300      0.8969     0.9940
 9391.400      0.9049     0.9938
 9391.500      0.9066     0.9938
 9391.600      0.9089     0.9939
 9391.700      0.9339     0.9940
 9391.800      0.9734     0.9941
 9391.900      0.9867     0.9940
 9392.000      0.9891     0.9939
 9392.100      0.9883     0.9937
 9392.200      0.9945     0.9930
 9392.300      0.9992     0.9897
 9392.400      0.9995     0.9776
 9392.500      0.9989     0.9464
 9392.600      0.9990     0.8926
 9392.700      1.0011     0.8365
 9392.800      1.0021     0.8143
 9392.900      0.9994     0.8431
 9393.000      0.9861     0.9009
 9393.100      0.9584     0.9516
 9393.200      0.9258     0.9786
 9393.300      0.9103     0.9873
 9393.400      0.9149     0.9889
 9393.500      0.9292     0.9899
 9393.600      0.9396     0.9914
 9393.700      0.9426     0.9926
 9393.800      0.9289     0.9930
 9393.900      0.8869     0.9933
 9394.000      0.7959     0.9936
 9394.100      0.6595     0.9939
 9394.200      0.5472     0.9941
 9394.300      0.5063     0.9942
 9394.400      0.5894     0.9941
 9394.500      0.7026     0.9939
 9394.600      0.8197     0.9937
 9394.700      0.8964     0.9937
 9394.800      0.9440     0.9939
 9394.900      0.9701     0.9941
 9395.000      0.9802     0.9942
 9395.100      0.9872     0.9943
 9395.200      0.9924     0.9943
 9395.300      0.9926     0.9942
 9395.400      0.9877     0.9940
 9395.500      0.9792     0.9932
 9395.600      0.9683     0.9911
 9395.700      0.9574     0.9877
 9395.800      0.9498     0.9849
 9395.900      0.9463     0.9850
 9396.000      0.9443     0.9879
 9396.100      0.9411     0.9912
 9396.200      0.9338     0.9932
 9396.300      0.9175     0.9940
 9396.400      0.8905     0.9942
 9396.500      0.8448     0.9943
 9396.600      0.7861     0.9943
 9396.700      0.7305     0.9943
 9396.800      0.6847     0.9943
 9396.900      0.6692     0.9943
 9397.000      0.7028     0.9943
 9397.100      0.7698     0.9943
 9397.200      0.8512     0.9943
 9397.300      0.9137     0.9943
 9397.400      0.9468     0.9943
 9397.500      0.9634     0.9943
 9397.600      0.9667     0.9943
 9397.700      0.9656     0.9943
 9397.800      0.9703     0.9942
 9397.900      0.9772     0.9942
 9398.000      0.9847     0.9942
 9398.100      0.9888     0.9942
 9398.200      0.9877     0.9942
 9398.300      0.9783     0.9942
 9398.400      0.9515     0.9942
 9398.500      0.8971     0.9942
 9398.600      0.8130     0.9942
 9398.700      0.7439     0.9942
 9398.800      0.7190     0.9942
 9398.900      0.7831     0.9942
 9399.000      0.8504     0.9942
 9399.100      0.9183     0.9942
 9399.200      0.9523     0.9942
 9399.300      0.9721     0.9942
 9399.400      0.9861     0.9942
 9399.500      0.9975     0.9942
 9399.600      1.0045     0.9942
 9399.700      1.0057     0.9942
 9399.800      1.0038     0.9942
 9399.900      1.0015     0.9942
 9400.000      0.9996     0.9941
 9400.100      0.9974     0.9941
 9400.200      0.9944     0.9941
 9400.300      0.9896     0.9941
 9400.400      0.9847     0.9941
 9400.500      0.9798     0.9941
 9400.600      0.9730     0.9940
 9400.700      0.9618     0.9938
 9400.800      0.9409     0.9932
 9400.900      0.9097     0.9915
 9401.000      0.8628     0.9892
 9401.100      0.7883     0.9877
 9401.200      0.6568     0.9886
 9401.300      0.4948     0.9908
 9401.400      0.3239     0.9927
 9401.500      0.2167     0.9935
 9401.600      0.2382     0.9938
 9401.700      0.3900     0.9939
 9401.800      0.5453     0.9939
 9401.900      0.7012     0.9939
 9402.000      0.7972     0.9939
 9402.100      0.8450     0.9939
 9402.200      0.8476     0.9939
 9402.300      0.7870     0.9939
 9402.400      0.6804     0.9939
 9402.500      0.5516     0.9938
 9402.600      0.4900     0.9938
 9402.700      0.5358     0.9937
 9402.800      0.6668     0.9937
 9402.900      0.7880     0.9936
 9403.000      0.8812     0.9935
 9403.100      0.9270     0.9933
 9403.200      0.9470     0.9930
 9403.300      0.9550     0.9928
 9403.400      0.9594     0.9929
 9403.500      0.9563     0.9931
 9403.600      0.9380     0.9932
 9403.700      0.8979     0.9933
 9403.800      0.8103     0.9932
 9403.900      0.6702     0.9931
 9404.000      0.5307     0.9929
 9404.100      0.4127     0.9927
 9404.200      0.4526     0.9925
 9404.300      0.5879     0.9922
 9404.400      0.7456     0.9919
 9404.500      0.8537     0.9916
 9404.600      0.9130     0.9910
 9404.700      0.9238     0.9903
 9404.800      0.8960     0.9894
 9404.900      0.8297     0.9881
 9405.000      0.7440     0.9860
 9405.100      0.7003     0.9811
 9405.200      0.7268     0.9678
 9405.300      0.8089     0.9329
 9405.400      0.8826     0.8630
 9405.500      0.9286     0.7646
 9405.600      0.9211     0.6720
 9405.700      0.9027     0.6232
 9405.800      0.8828     0.6358
 9405.900      0.8658     0.7057
 9406.000      0.8174     0.8058
 9406.100      0.7346     0.8957
 9406.200      0.6722     0.9502
 9406.300      0.6778     0.9727
 9406.400      0.7541     0.9765
 9406.500      0.8330     0.9716
 9406.600      0.8976     0.9665
 9406.700      0.8929     0.9681
 9406.800      0.8380     0.9743
 9406.900      0.7775     0.9786
 9407.000      0.7566     0.9798
 9407.100      0.7892     0.9818
 9407.200      0.8409     0.9859
 9407.300      0.8752     0.9898
 9407.400      0.9022     0.9918
 9407.500      0.9232     0.9925
 9407.600      0.9380     0.9926
 9407.700      0.9388     0.9926
 9407.800      0.9285     0.9928
 9407.900      0.9295     0.9930
 9408.000      0.9453     0.9932
 9408.100      0.9704     0.9933
 9408.200      0.9822     0.9933
 9408.300      0.9721     0.9933
 9408.400      0.9447     0.9930
 9408.500      0.9248     0.9922
 9408.600      0.9156     0.9912
 9408.700      0.9122     0.9907
 9408.800      0.9082     0.9913
 9408.900      0.9009     0.9924
 9409.000      0.8766     0.9932
 9409.100      0.8045     0.9935
 9409.200      0.6887     0.9936
 9409.300      0.5738     0.9935
 9409.400      0.4917     0.9934
 9409.500      0.5400     0.9933
 9409.600      0.6602     0.9933
 9409.700      0.7869     0.9934
 9409.800      0.8669     0.9935
 9409.900      0.9047     0.9933
 9410.000      0.9233     0.9928
 9410.100      0.9368     0.9922
 9410.200      0.9518     0.9919
 9410.300      0.9685     0.9923
 9410.400      0.9801     0.9929
 9410.500      0.9893     0.9933
 9410.600      0.9964     0.9935
 9410.700      0.9961     0.9935
 9410.800      0.9905     0.9935
 9410.900      0.9809     0.9935
 9411.000      0.9640     0.9935
 9411.100      0.9313     0.9935
 9411.200      0.8614     0.9935
 9411.300      0.7346     0.9934
 9411.400      0.5881     0.9934
 9411.500      0.4825     0.9933
 9411.600      0.4811     0.9932
 9411.700      0.5803     0.9931
 9411.800      0.7122     0.9930
 9411.900      0.8236     0.9928
 9412.000      0.8659     0.9925
 9412.100      0.8634     0.9918
 9412.200      0.8295     0.9903
 9412.300      0.7690     0.9862
 9412.400      0.6593     0.9763
 9412.500      0.5138     0.9586
 9412.600      0.3504     0.9380
 9412.700      0.2080     0.9266
 9412.800      0.1142     0.9319
 9412.900      0.0752     0.9462
 9413.000      0.1055     0.9514
 9413.100      0.2054     0.9350
 9413.200      0.3720     0.9032
 9413.300      0.5373     0.8754
 9413.400      0.6781     0.8657
 9413.500      0.7615     0.8787
 9413.600      0.7778     0.9115
 9413.700      0.7503     0.9488
 9413.800      0.7328     0.9728
 9413.900      0.7455     0.9790
 9414.000      0.8063     0.9749
 9414.100      0.8599     0.9715
 9414.200      0.8950     0.9746
 9414.300      0.9036     0.9818
 9414.400      0.9203     0.9870
 9414.500      0.9479     0.9871
 9414.600      0.9775     0.9800
 9414.700      1.0026     0.9612
 9414.800      1.0086     0.9298
 9414.900      0.9922     0.8997
 9415.000      0.9591     0.8936
 9415.100      0.9182     0.9168
 9415.200      0.9028     0.9504
 9415.300      0.9208     0.9746
 9415.400      0.9585     0.9861
 9415.500      0.9838     0.9902
 9415.600      0.9766     0.9916
 9415.700      0.9226     0.9922
 9415.800      0.8328     0.9926
 9415.900      0.7307     0.9928
 9416.000      0.6944     0.9930
 9416.100      0.7229     0.9931
 9416.200      0.7835     0.9931
 9416.300      0.7937     0.9932
 9416.400      0.7675     0.9932
 9416.500      0.7281     0.9933
 9416.600      0.7457     0.9933
 9416.700      0.8129     0.9933
 9416.800      0.8972     0.9933
 9416.900      0.9580     0.9930
 9417.000      0.9861     0.9919
 9417.100      0.9991     0.9893
 9417.200      1.0046     0.9859
 9417.300      1.0048     0.9844
 9417.400      0.9983     0.9863
 9417.500      0.9939     0.9897
 9417.600      0.9976     0.9921
 9417.700      1.0091     0.9931
 9417.800      1.0196     0.9934
 9417.900      1.0244     0.9934
 9418.000      1.0286     0.9934
 9418.100      1.0310     0.9933
 9418.200      1.0248     0.9932
 9418.300      1.0100     0.9931
 9418.400      0.9926     0.9931
 9418.500      0.9818     0.9932
 9418.600      0.9821     0.9933
 9418.700      0.9887     0.9934
 9418.800      0.9908     0.9934
 9418.900      0.9797     0.9934
 9419.000      0.9470     0.9934
 9419.100      0.8997     0.9934
 9419.200      0.8556     0.9934
 9419.300      0.8337     0.9934
 9419.400      0.8289     0.9934
 9419.500      0.8257     0.9934
 9419.600      0.7966     0.9933
 9419.700      0.7179     0.9933
 9419.800      0.5820     0.9931
 9419.900      0.4017     0.9930
 9420.000      0.2347     0.9929
 9420.100      0.1173     0.9929
 9420.200      0.0852     0.9930
 9420.300      0.1499     0.9932
 9420.400      0.2873     0.9933
 9420.500      0.4586     0.9933
 9420.600      0.6236     0.9933
 9420.700      0.7426     0.9932
 9420.800      0.8256     0.9932
 9420.900      0.8847     0.9932
 9421.000      0.9293     0.9931
 9421.100      0.9638     0.9930
 9421.200      0.9879     0.9928
 9421.300      0.9968     0.9918
 9421.400      1.0008     0.9877
 9421.500      1.0017     0.9759
 9421.600      0.9980     0.9538
 9421.700      0.9951     0.9315
 9421.800      0.9973     0.9272
 9421.900      1.0086     0.9451
 9422.000      1.0204     0.9692
 9422.100      1.0249     0.9847
 9422.200      1.0202     0.9909
 9422.300      1.0061     0.9925
 9422.400      0.9851     0.9928
 9422.500      0.9673     0.9929
 9422.600      0.9589     0.9930
 9422.700      0.9675     0.9931
 9422.800      0.9690     0.9931
 9422.900      0.9486     0.9931
 9423.000      0.8963     0.9931
 9423.100      0.8428     0.9931
 9423.200      0.7923     0.9931
 9423.300      0.7982     0.9931
 9423.400      0.8409     0.9931
 9423.500      0.8962     0.9931
 9423.600      0.9264     0.9931
 9423.700      0.9209     0.9930
 9423.800      0.8864     0.9930
 9423.900      0.8174     0.9929
 9424.000      0.7037     0.9929
 9424.100      0.5236     0.9930
 9424.200      0.3516     0.9930
 9424.300      0.2190     0.9931
 9424.400      0.2232     0.9931
 9424.500      0.3428     0.9930
 9424.600      0.5148     0.9930
 9424.700      0.6751     0.9930
 9424.800      0.8034     0.9930
 9424.900      0.8778     0.9930
 9425.000      0.9218     0.9930
 9425.100      0.9509     0.9929
 9425.200      0.9717     0.9928
 9425.300      0.9825     0.9927
 9425.400      0.9862     0.9928
 9425.500      0.9849     0.9928
 9425.600      0.9845     0.9929
 9425.700      0.9850     0.9929
 9425.800      0.9807     0.9929
 9425.900      0.9798     0.9929
 9426.000      0.9851     0.9929
 9426.100      0.9859     0.9929
 9426.200      0.9865     0.9929
 9426.300      0.9907     0.9929
 9426.400      0.9970     0.9929
 9426.500      1.0028     0.9929
 9426.600      1.0008     0.9929
 9426.700      0.9950     0.9929
 9426.800      0.9860     0.9929
 9426.900      0.9738     0.9929
 9427.000      0.9574     0.9929
 9427.100      0.9390     0.9928
 9427.200      0.9254     0.9928
 9427.300      0.9185     0.9928
 9427.400      0.9181     0.9928
 9427.500      0.9213     0.9928
 9427.600      0.9273     0.9928
 9427.700      0.9348     0.9928
 9427.800      0.9401     0.9928
 9427.900      0.9388     0.9928
 9428.000      0.9241     0.9927
 9428.100      0.9017     0.9925
 9428.200      0.8718     0.9917
 9428.300      0.8326     0.9890
 9428.400      0.7835     0.9834
 9428.500      0.7279     0.9774
 9428.600      0.6701     0.9762
 9428.700      0.6040     0.9809
 9428.800      0.5172     0.9872
 9428.900      0.4008     0.9909
 9429.000      0.2804     0.9922
 9429.100      0.1630     0.9925
 9429.200      0.0752     0.9924
 9429.300      0.0278     0.9923
 9429.400      0.0133     0.9920
 9429.500      0.0261     0.9912
 9429.600      0.0657     0.9894
 9429.700      0.1371     0.9870
 9429.800      0.2156     0.9855
 9429.900      0.2955     0.9864
 9430.000      0.3469     0.9887
 9430.100      0.3601     0.9908
 9430.200      0.3299     0.9919
 9430.300      0.2578     0.9923
 9430.400      0.1804     0.9924
 9430.500      0.1027     0.9924
 9430.600      0.0457     0.9924
 9430.700      0.0188     0.9925
 9430.800      0.0176     0.9925
 9430.900      0.0475     0.9925
 9431.000      0.1130     0.9924
 9431.100      0.2205     0.9924
 9431.200      0.3387     0.9924
 9431.300      0.4591     0.9924
 9431.400      0.5644     0.9924
 9431.500      0.6507     0.9923
 9431.600      0.7154     0.9922
 9431.700      0.7604     0.9920
 9431.800      0.7919     0.9912
 9431.900      0.8133     0.9888
 9432.000      0.8232     0.9845
 9432.100      0.8243     0.9805
 9432.200      0.8190     0.9799
 9432.300      0.8037     0.9830
 9432.400      0.7776     0.9860
 9432.500      0.7421     0.9857
 9432.600      0.6887     0.9816
 9432.700      0.6044     0.9771
 9432.800      0.4633     0.9767
 9432.900      0.3197     0.9811
 9433.000      0.1819     0.9865
 9433.100      0.1035     0.9899
 9433.200      0.1126     0.9914
 9433.300      0.2083     0.9919
 9433.400      0.3602     0.9920
 9433.500      0.5187     0.9921
 9433.600      0.6548     0.9921
 9433.700      0.7591     0.9921
 9433.800      0.8276     0.9921
 9433.900      0.8667     0.9921
 9434.000      0.8906     0.9921
 9434.100      0.9044     0.9921
 9434.200      0.9069     0.9921
 9434.300      0.9092     0.9921
 9434.400      0.9133     0.9921
 9434.500      0.9245     0.9921
 9434.600      0.9365     0.9920
 9434.700      0.9457     0.9920
 9434.800      0.9528     0.9920
 9434.900      0.9598     0.9920
 9435.000      0.9693     0.9920
 9435.100      0.9782     0.9920
 9435.200      0.9855     0.9919
 9435.300      0.9908     0.9919
 9435.400      0.9900     0.9918
 9435.500      0.9851     0.9918
 9435.600      0.9831     0.9918
 9435.700      0.9808     0.9918
 9435.800      0.9778     0.9918
 9435.900      0.9786     0.9918
 9436.000      0.9835     0.9918
 9436.100      0.9904     0.9918
 9436.200      0.9950     0.9917
 9436.300      0.9949     0.9916
 9436.400      0.9901     0.9911
 9436.500      0.9858     0.9898
 9436.600      0.9842     0.9864
 9436.700      0.9964     0.9785
 9436.800      1.0071     0.9645
 9436.900      1.0120     0.9505
 9437.000      1.0044     0.9481
 9437.100      0.9975     0.9598
 9437.200      0.9928     0.9744
 9437.300      0.9868     0.9817
 9437.400      0.9816     0.9822
 9437.500      0.9825     0.9816
 9437.600      0.9903     0.9832
 9437.700      0.9997     0.9859
 9437.800      1.0091     0.9879
 9437.900      1.0146     0.9891
 9438.000      1.0127     0.9901
 9438.100      1.0048     0.9907
 9438.200      1.0022     0.9909
 9438.300      1.0054     0.9904
 9438.400      0.9988     0.9885
 9438.500      0.9923     0.9832
 9438.600      0.9887     0.9736
 9438.700      0.9882     0.9632
 9438.800      0.9859     0.9600
 9438.900      0.9736     0.9668
 9439.000      0.9562     0.9777
 9439.100      0.9305     0.9857
 9439.200      0.8918     0.9894
 9439.300      0.8570     0.9907
 9439.400      0.8277     0.9910
 9439.500      0.8015     0.9912
 9439.600      0.7657     0.9912
 9439.700      0.6979     0.9913
 9439.800      0.5806     0.9913
 9439.900      0.4333     0.9913
 9440.000      0.2749     0.9913
 9440.100      0.1469     0.9913
 9440.200      0.0660     0.9913
 9440.300      0.0343     0.9913
 9440.400      0.0293     0.9913
 9440.500      0.0512     0.9913
 9440.600      0.1078     0.9913
 9440.700      0.2244     0.9913
 9440.800      0.3709     0.9912
 9440.900      0.5231     0.9912
 9441.000      0.6570     0.9912
 9441.100      0.7467     0.9912
 9441.200      0.8017     0.9912
 9441.300      0.8361     0.9912
 9441.400      0.8579     0.9912
 9441.500      0.8712     0.9911
 9441.600      0.8788     0.9911
 9441.700      0.8817     0.9910
 9441.800      0.8790     0.9908
 9441.900      0.8720     0.9907
 9442.000      0.8619     0.9908
 9442.100      0.8447     0.9909
 9442.200      0.8157     0.9909
 9442.300      0.7694     0.9910
 9442.400      0.7114     0.9910
 9442.500      0.6402     0.9910
 9442.600      0.5445     0.9910
 9442.700      0.4247     0.9910
 9442.800      0.2931     0.9910
 9442.900      0.1749     0.9909
 9443.000      0.0838     0.9909
 9443.100      0.0313     0.9908
 9443.200      0.0089     0.9906
 9443.300      0.0013     0.9900
 9443.400      0.0007     0.9890
 9443.500      0.0035     0.9877
 9443.600      0.0113     0.9867
 9443.700      0.0393     0.9861
 9443.800      0.1012     0.9862
 9443.900      0.1993     0.9873
 9444.000      0.3233     0.9889
 9444.100      0.4440     0.9900
 9444.200      0.5481     0.9905
 9444.300      0.6361     0.9906
 9444.400      0.7019     0.9904
 9444.500      0.7343     0.9897
 9444.600      0.7178     0.9878
 9444.700      0.6463     0.9846
 9444.800      0.5308     0.9818
 9444.900      0.4515     0.9820
 9445.000      0.4506     0.9849
 9445.100      0.5401     0.9880
 9445.200      0.6186     0.9898
 9445.300      0.6555     0.9904
 9445.400      0.6126     0.9905
 9445.500      0.4960     0.9905
 9445.600      0.3446     0.9905
 9445.700      0.2094     0.9905
 9445.800      0.1211     0.9904
 9445.900      0.1353     0.9904
 9446.000      0.2524     0.9902
 9446.100      0.4022     0.9901
 9446.200      0.5584     0.9901
 9446.300      0.6918     0.9901
 9446.400      0.7760     0.9900
 9446.500      0.8115     0.9892
 9446.600      0.7781     0.9868
 9446.700      0.6949     0.9828
 9446.800      0.5893     0.9793
 9446.900      0.5185     0.9795
 9447.000      0.5555     0.9829
 9447.100      0.6719     0.9865
 9447.200      0.7913     0.9886
 9447.300      0.8793     0.9895
 9447.400      0.9337     0.9899
 9447.500      0.9608     0.9900
 9447.600      0.9701     0.9901
 9447.700      0.9687     0.9901
 9447.800      0.9606     0.9901
 9447.900      0.9481     0.9900
 9448.000      0.9214     0.9899
 9448.100      0.8622     0.9896
 9448.200      0.7430     0.9892
 9448.300      0.5840     0.9889
 9448.400      0.4096     0.9889
 9448.500      0.3198     0.9889
 9448.600      0.3515     0.9886
 9448.700      0.4747     0.9885
 9448.800      0.6129     0.9886
 9448.900      0.7480     0.9890
 9449.000      0.8431     0.9894
 9449.100      0.9086     0.9897
 9449.200      0.9510     0.9898
 9449.300      0.9767     0.9898
 9449.400      0.9912     0.9898
 9449.500      0.9983     0.9898
 9449.600      0.9982     0.9897
 9449.700      1.0000     0.9897
 9449.800      1.0055     0.9897
 9449.900      1.0083     0.9897
 9450.000      1.0093     0.9896
 9450.100      1.0094     0.9896
 9450.200      1.0088     0.9895
 9450.300      1.0067     0.9895
 9450.400      1.0024     0.9895
 9450.500      0.9970     0.9895
 9450.600      0.9917     0.9895
 9450.700      0.9924     0.9895
 9450.800      0.9917     0.9895
 9450.900      0.9882     0.9895
 9451.000      0.9835     0.9895
 9451.100      0.9759     0.9895
 9451.200      0.9590     0.9894
 9451.300      0.9180     0.9894
 9451.400      0.8352     0.9894
 9451.500      0.7160     0.9894
 9451.600      0.6155     0.9893
 9451.700      0.5739     0.9893
 9451.800      0.6402     0.9892
 9451.900      0.7307     0.9890
 9452.000      0.8225     0.9888
 9452.100      0.8519     0.9885
 9452.200      0.8532     0.9884
 9452.300      0.8355     0.9882
 9452.400      0.8046     0.9883
 9452.500      0.7398     0.9884
 9452.600      0.6367     0.9885
 9452.700      0.5188     0.9885
 9452.800      0.4245     0.9886
 9452.900      0.4526     0.9887
 9453.000      0.5853     0.9889
 9453.100      0.7348     0.9889
 9453.200      0.8496     0.9890
 9453.300      0.9237     0.9889
 9453.400      0.9637     0.9889
 9453.500      0.9828     0.9889
 9453.600      0.9910     0.9889
 9453.700      0.9945     0.9888
 9453.800      0.9958     0.9887
 9453.900      0.9998     0.9885
 9454.000      1.0085     0.9879
 9454.100      1.0084     0.9871
 9454.200      1.0029     0.9865
 9454.300      0.9957     0.9867
 9454.400      0.9902     0.9874
 9454.500      0.9902     0.9881
 9454.600      1.0002     0.9884
 9454.700      1.0095     0.9884
 9454.800      1.0152     0.9882
 9454.900      1.0063     0.9877
 9455.000      0.9969     0.9871
 9455.100      0.9876     0.9863
 9455.200      0.9953     0.9859
 9455.300      1.0052     0.9861
 9455.400      1.0153     0.9868
 9455.500      1.0088     0.9875
 9455.600      1.0006     0.9879
 9455.700      0.9973     0.9881
 9455.800      0.9933     0.9882
 9455.900      0.9864     0.9882
 9456.000      0.9650     0.9882
 9456.100      0.9252     0.9882
 9456.200      0.8518     0.9882
 9456.300      0.7106     0.9881
 9456.400      0.5359     0.9881
 9456.500      0.3521     0.9880
 9456.600      0.2659     0.9879
 9456.700      0.2755     0.9877
 9456.800      0.3322     0.9877
 9456.900      0.3436     0.9877
 9457.000      0.2994     0.9878
 9457.100      0.2213     0.9879
 9457.200      0.1931     0.9879
 9457.300      0.2605     0.9879
 9457.400      0.4231     0.9879
 9457.500      0.6014     0.9879
 9457.600      0.7801     0.9879
 9457.700      0.8948     0.9878
 9457.800      0.9494     0.9878
 9457.900      0.9540     0.9878
 9458.000      0.9295     0.9878
 9458.100      0.8798     0.9877
 9458.200      0.8024     0.9877
 9458.300      0.6729     0.9877
 9458.400      0.5112     0.9877
 9458.500      0.3302     0.9876
 9458.600      0.1451     0.9876
 9458.700     -0.0360     0.9875
 9458.800     -0.2171     0.9874
 9458.900     -0.3983     0.9873
 9459.000     -0.5794     0.9872
 9459.100     -0.7606     0.9871
 9459.200     -0.9417     0.9871
 9459.300     -1.1229     0.9872
 9459.400     -1.3040     0.9873
 9459.500     -1.4852     1.0000
 9459.600     -1.6663     1.0000
 9459.700     -1.8474     1.0000
 9459.800     -2.0286     1.0000
 9459.900     -2.2097     1.0000
 9460.000     -2.3909     1.0000
