# t09572g430x+000m0                                           
# 93939620.kgf                                                
# data\m59.fits                                               
# xmin,xmax,dshft,yshift,fz:   9279.50   9733.50   0.00000   0.00000   1.00000
# vw,rp,ifabs:   0.0    28300.   0
#                                                                     
# wave(A)   obs.spec.  the.spec.  overplot1  overplot2  overplot3  overplot4
 9393.000      0.8945     1.0000
 9393.100      0.9003     1.0000
 9393.200      0.9061     1.0000
 9393.300      0.9120     1.0000
 9393.400      0.9178     1.0000
 9393.500      0.9237     1.0000
 9393.600      0.9295     0.9918
 9393.700      0.9354     0.9929
 9393.800      0.9412     0.9933
 9393.900      0.9471     0.9935
 9394.000      0.9529     0.9938
 9394.100      0.9588     0.9941
 9394.200      0.9646     0.9942
 9394.300      0.9705     0.9943
 9394.400      0.9763     0.9942
 9394.500      0.9822     0.9940
 9394.600      0.9880     0.9938
 9394.700      0.9939     0.9938
 9394.800      0.9997     0.9939
 9394.900      1.0056     0.9941
 9395.000      1.0114     0.9943
 9395.100      1.0173     0.9943
 9395.200      1.0197     0.9943
 9395.300      1.0185     0.9943
 9395.400      1.0124     0.9940
 9395.500      1.0059     0.9932
 9395.600      1.0004     0.9911
 9395.700      0.9968     0.9877
 9395.800      0.9935     0.9849
 9395.900      0.9892     0.9850
 9396.000      0.9838     0.9879
 9396.100      0.9767     0.9912
 9396.200      0.9660     0.9933
 9396.300      0.9482     0.9941
 9396.400      0.9160     0.9943
 9396.500      0.8548     0.9943
 9396.600      0.7897     0.9943
 9396.700      0.7284     0.9943
 9396.800      0.6848     0.9943
 9396.900      0.6766     0.9943
 9397.000      0.7192     0.9943
 9397.100      0.7954     0.9943
 9397.200      0.8821     0.9943
 9397.300      0.9447     0.9943
 9397.400      0.9748     0.9943
 9397.500      0.9797     0.9943
 9397.600      0.9793     0.9943
 9397.700      0.9805     0.9943
 9397.800      0.9916     0.9943
 9397.900      1.0015     0.9942
 9398.000      1.0075     0.9942
 9398.100      1.0056     0.9942
 9398.200      1.0009     0.9942
 9398.300      0.9929     0.9942
 9398.400      0.9657     0.9942
 9398.500      0.9034     0.9942
 9398.600      0.8079     0.9942
 9398.700      0.7406     0.9942
 9398.800      0.7344     0.9942
 9398.900      0.8085     0.9942
 9399.000      0.8798     0.9942
 9399.100      0.9395     0.9942
 9399.200      0.9666     0.9942
 9399.300      0.9852     0.9942
 9399.400      1.0001     0.9942
 9399.500      1.0066     0.9942
 9399.600      1.0092     0.9942
 9399.700      1.0106     0.9942
 9399.800      1.0145     0.9942
 9399.900      1.0200     0.9942
 9400.000      1.0196     0.9942
 9400.100      1.0147     0.9941
 9400.200      1.0078     0.9941
 9400.300      1.0033     0.9941
 9400.400      0.9990     0.9941
 9400.500      0.9927     0.9941
 9400.600      0.9819     0.9940
 9400.700      0.9641     0.9939
 9400.800      0.9382     0.9932
 9400.900      0.9035     0.9915
 9401.000      0.8544     0.9892
 9401.100      0.7724     0.9878
 9401.200      0.6367     0.9886
 9401.300      0.4612     0.9908
 9401.400      0.3049     0.9927
 9401.500      0.2091     0.9935
 9401.600      0.2565     0.9938
 9401.700      0.4073     0.9939
 9401.800      0.5842     0.9939
 9401.900      0.7251     0.9939
 9402.000      0.8218     0.9939
 9402.100      0.8634     0.9939
 9402.200      0.8587     0.9939
 9402.300      0.7906     0.9939
 9402.400      0.6713     0.9939
 9402.500      0.5600     0.9938
 9402.600      0.4862     0.9938
 9402.700      0.5635     0.9937
 9402.800      0.6871     0.9937
 9402.900      0.8213     0.9937
 9403.000      0.8947     0.9935
 9403.100      0.9344     0.9933
 9403.200      0.9565     0.9930
 9403.300      0.9694     0.9928
 9403.400      0.9720     0.9929
 9403.500      0.9607     0.9931
 9403.600      0.9382     0.9932
 9403.700      0.8975     0.9933
 9403.800      0.8014     0.9932
 9403.900      0.6592     0.9931
 9404.000      0.4974     0.9929
 9404.100      0.4181     0.9927
 9404.200      0.4676     0.9925
 9404.300      0.6196     0.9922
 9404.400      0.7634     0.9920
 9404.500      0.8804     0.9916
 9404.600      0.9263     0.9910
 9404.700      0.9307     0.9903
 9404.800      0.8987     0.9894
 9404.900      0.8148     0.9881
 9405.000      0.7352     0.9860
 9405.100      0.6945     0.9811
 9405.200      0.7440     0.9678
 9405.300      0.8189     0.9329
 9405.400      0.8961     0.8631
 9405.500      0.9343     0.7646
 9405.600      0.9279     0.6720
 9405.700      0.9041     0.6232
 9405.800      0.8833     0.6358
 9405.900      0.8663     0.7057
 9406.000      0.8097     0.8058
 9406.100      0.7415     0.8957
 9406.200      0.6716     0.9503
 9406.300      0.6816     0.9727
 9406.400      0.7546     0.9765
 9406.500      0.8449     0.9716
 9406.600      0.9041     0.9665
 9406.700      0.8974     0.9681
 9406.800      0.8328     0.9743
 9406.900      0.7753     0.9786
 9407.000      0.7581     0.9798
 9407.100      0.7964     0.9818
 9407.200      0.8432     0.9860
 9407.300      0.8794     0.9898
 9407.400      0.9088     0.9918
 9407.500      0.9300     0.9925
 9407.600      0.9399     0.9926
 9407.700      0.9383     0.9926
 9407.800      0.9318     0.9928
 9407.900      0.9346     0.9930
 9408.000      0.9455     0.9932
 9408.100      0.9604     0.9933
 9408.200      0.9677     0.9934
 9408.300      0.9608     0.9933
 9408.400      0.9391     0.9930
 9408.500      0.9204     0.9922
 9408.600      0.9093     0.9912
 9408.700      0.9077     0.9907
 9408.800      0.9062     0.9913
 9408.900      0.9024     0.9924
 9409.000      0.8805     0.9932
 9409.100      0.8115     0.9935
 9409.200      0.6774     0.9936
 9409.300      0.5567     0.9935
 9409.400      0.4837     0.9934
 9409.500      0.5591     0.9933
 9409.600      0.6786     0.9933
 9409.700      0.8096     0.9934
 9409.800      0.8921     0.9935
 9409.900      0.9339     0.9933
 9410.000      0.9532     0.9928
 9410.100      0.9662     0.9922
 9410.200      0.9776     0.9919
 9410.300      0.9883     0.9923
 9410.400      0.9943     0.9929
 9410.500      0.9954     0.9933
 9410.600      0.9955     0.9935
 9410.700      0.9946     0.9935
 9410.800      0.9920     0.9935
 9410.900      0.9835     0.9935
 9411.000      0.9649     0.9935
 9411.100      0.9283     0.9935
 9411.200      0.8583     0.9935
 9411.300      0.7461     0.9934
 9411.400      0.5894     0.9934
 9411.500      0.4733     0.9933
 9411.600      0.4725     0.9932
 9411.700      0.5980     0.9931
 9411.800      0.7297     0.9930
 9411.900      0.8299     0.9928
 9412.000      0.8680     0.9925
 9412.100      0.8588     0.9918
 9412.200      0.8263     0.9903
 9412.300      0.7591     0.9863
 9412.400      0.6518     0.9763
 9412.500      0.4921     0.9586
 9412.600      0.3340     0.9380
 9412.700      0.1953     0.9266
 9412.800      0.1029     0.9319
 9412.900      0.0710     0.9462
 9413.000      0.1060     0.9514
 9413.100      0.2237     0.9350
 9413.200      0.3805     0.9032
 9413.300      0.5498     0.8754
 9413.400      0.6959     0.8657
 9413.500      0.7732     0.8787
 9413.600      0.7675     0.9115
 9413.700      0.7462     0.9488
 9413.800      0.7221     0.9728
 9413.900      0.7538     0.9790
 9414.000      0.8103     0.9749
 9414.100      0.8676     0.9715
 9414.200      0.8981     0.9746
 9414.300      0.9060     0.9818
 9414.400      0.9209     0.9870
 9414.500      0.9477     0.9871
 9414.600      0.9833     0.9800
 9414.700      1.0029     0.9612
 9414.800      0.9977     0.9298
 9414.900      0.9691     0.8997
 9415.000      0.9311     0.8936
 9415.100      0.8926     0.9168
 9415.200      0.8830     0.9504
 9415.300      0.9042     0.9746
 9415.400      0.9399     0.9861
 9415.500      0.9625     0.9902
 9415.600      0.9562     0.9916
 9415.700      0.9010     0.9922
 9415.800      0.8035     0.9926
 9415.900      0.7043     0.9928
 9416.000      0.6727     0.9930
 9416.100      0.7105     0.9931
 9416.200      0.7735     0.9931
 9416.300      0.7802     0.9932
 9416.400      0.7537     0.9933
 9416.500      0.7141     0.9933
 9416.600      0.7359     0.9933
 9416.700      0.8030     0.9933
 9416.800      0.8874     0.9933
 9416.900      0.9497     0.9930
 9417.000      0.9804     0.9919
 9417.100      0.9913     0.9893
 9417.200      0.9930     0.9859
 9417.300      0.9904     0.9844
 9417.400      0.9853     0.9863
 9417.500      0.9805     0.9897
 9417.600      0.9783     0.9921
 9417.700      0.9807     0.9931
 9417.800      0.9868     0.9934
 9417.900      0.9947     0.9934
 9418.000      1.0053     0.9934
 9418.100      1.0169     0.9933
 9418.200      1.0205     0.9932
 9418.300      1.0107     0.9931
 9418.400      0.9913     0.9931
 9418.500      0.9775     0.9932
 9418.600      0.9738     0.9933
 9418.700      0.9793     0.9934
 9418.800      0.9789     0.9934
 9418.900      0.9639     0.9934
 9419.000      0.9243     0.9934
 9419.100      0.8817     0.9934
 9419.200      0.8385     0.9934
 9419.300      0.8203     0.9934
 9419.400      0.8157     0.9934
 9419.500      0.8158     0.9934
 9419.600      0.7891     0.9933
 9419.700      0.7098     0.9933
 9419.800      0.5674     0.9931
 9419.900      0.3961     0.9930
 9420.000      0.2186     0.9929
 9420.100      0.1077     0.9929
 9420.200      0.0792     0.9930
 9420.300      0.1452     0.9932
 9420.400      0.3028     0.9933
 9420.500      0.4699     0.9933
 9420.600      0.6281     0.9933
 9420.700      0.7473     0.9932
 9420.800      0.8253     0.9932
 9420.900      0.8818     0.9932
 9421.000      0.9260     0.9931
 9421.100      0.9595     0.9930
 9421.200      0.9747     0.9928
 9421.300      0.9847     0.9918
 9421.400      0.9922     0.9877
 9421.500      0.9954     0.9759
 9421.600      0.9955     0.9538
 9421.700      0.9942     0.9315
 9421.800      0.9971     0.9272
 9421.900      1.0037     0.9451
 9422.000      1.0108     0.9692
 9422.100      1.0160     0.9847
 9422.200      1.0133     0.9909
 9422.300      0.9976     0.9925
 9422.400      0.9800     0.9928
 9422.500      0.9646     0.9929
 9422.600      0.9628     0.9930
 9422.700      0.9669     0.9931
 9422.800      0.9673     0.9931
 9422.900      0.9524     0.9931
 9423.000      0.9112     0.9931
 9423.100      0.8468     0.9931
 9423.200      0.7932     0.9931
 9423.300      0.7907     0.9931
 9423.400      0.8384     0.9931
 9423.500      0.8933     0.9931
 9423.600      0.9242     0.9931
 9423.700      0.9269     0.9930
 9423.800      0.8936     0.9930
 9423.900      0.8222     0.9929
 9424.000      0.6893     0.9929
 9424.100      0.5195     0.9930
 9424.200      0.3520     0.9930
 9424.300      0.2141     0.9931
 9424.400      0.2174     0.9931
 9424.500      0.3571     0.9930
 9424.600      0.5296     0.9930
 9424.700      0.6945     0.9930
 9424.800      0.8224     0.9930
 9424.900      0.8938     0.9930
 9425.000      0.9322     0.9930
 9425.100      0.9578     0.9929
 9425.200      0.9769     0.9928
 9425.300      0.9918     0.9927
 9425.400      1.0011     0.9928
 9425.500      1.0026     0.9928
 9425.600      1.0005     0.9929
 9425.700      0.9976     0.9929
 9425.800      0.9973     0.9929
 9425.900      0.9971     0.9929
 9426.000      0.9967     0.9929
 9426.100      0.9953     0.9929
 9426.200      0.9952     0.9929
 9426.300      0.9992     0.9929
 9426.400      1.0014     0.9929
 9426.500      1.0009     0.9929
 9426.600      0.9988     0.9929
 9426.700      0.9950     0.9929
 9426.800      0.9887     0.9929
 9426.900      0.9762     0.9929
 9427.000      0.9580     0.9929
 9427.100      0.9369     0.9928
 9427.200      0.9196     0.9928
 9427.300      0.9117     0.9928
 9427.400      0.9178     0.9928
 9427.500      0.9275     0.9928
 9427.600      0.9377     0.9928
 9427.700      0.9423     0.9928
 9427.800      0.9403     0.9928
 9427.900      0.9314     0.9928
 9428.000      0.9187     0.9927
 9428.100      0.9010     0.9925
 9428.200      0.8751     0.9917
 9428.300      0.8308     0.9890
 9428.400      0.7790     0.9834
 9428.500      0.7263     0.9774
 9428.600      0.6705     0.9762
 9428.700      0.6061     0.9809
 9428.800      0.5179     0.9872
 9428.900      0.4035     0.9909
 9429.000      0.2739     0.9922
 9429.100      0.1570     0.9925
 9429.200      0.0681     0.9924
 9429.300      0.0237     0.9923
 9429.400      0.0104     0.9920
 9429.500      0.0251     0.9912
 9429.600      0.0681     0.9894
 9429.700      0.1409     0.9870
 9429.800      0.2271     0.9855
 9429.900      0.3058     0.9864
 9430.000      0.3644     0.9887
 9430.100      0.3774     0.9908
 9430.200      0.3417     0.9919
 9430.300      0.2720     0.9923
 9430.400      0.1823     0.9924
 9430.500      0.1002     0.9924
 9430.600      0.0418     0.9925
 9430.700      0.0162     0.9925
 9430.800      0.0189     0.9925
 9430.900      0.0497     0.9925
 9431.000      0.1189     0.9924
 9431.100      0.2231     0.9924
 9431.200      0.3509     0.9924
 9431.300      0.4737     0.9924
 9431.400      0.5823     0.9924
 9431.500      0.6632     0.9923
 9431.600      0.7249     0.9922
 9431.700      0.7711     0.9920
 9431.800      0.8032     0.9912
 9431.900      0.8238     0.9888
 9432.000      0.8345     0.9845
 9432.100      0.8357     0.9805
 9432.200      0.8277     0.9799
 9432.300      0.8108     0.9830
 9432.400      0.7873     0.9860
 9432.500      0.7549     0.9857
 9432.600      0.7018     0.9816
 9432.700      0.6123     0.9771
 9432.800      0.4815     0.9767
 9432.900      0.3271     0.9811
 9433.000      0.1773     0.9865
 9433.100      0.0993     0.9899
 9433.200      0.1113     0.9914
 9433.300      0.2087     0.9919
 9433.400      0.3746     0.9920
 9433.500      0.5368     0.9921
 9433.600      0.6812     0.9921
 9433.700      0.7807     0.9921
 9433.800      0.8433     0.9921
 9433.900      0.8819     0.9921
 9434.000      0.9074     0.9921
 9434.100      0.9229     0.9921
 9434.200      0.9293     0.9921
 9434.300      0.9315     0.9921
 9434.400      0.9327     0.9921
 9434.500      0.9404     0.9921
 9434.600      0.9525     0.9920
 9434.700      0.9663     0.9920
 9434.800      0.9793     0.9920
 9434.900      0.9899     0.9920
 9435.000      0.9951     0.9920
 9435.100      0.9969     0.9920
 9435.200      0.9978     0.9919
 9435.300      1.0018     0.9919
 9435.400      1.0047     0.9918
 9435.500      1.0040     0.9918
 9435.600      0.9988     0.9918
 9435.700      0.9937     0.9918
 9435.800      0.9914     0.9918
 9435.900      0.9920     0.9918
 9436.000      0.9953     0.9918
 9436.100      1.0008     0.9918
 9436.200      1.0056     0.9917
 9436.300      1.0078     0.9916
 9436.400      1.0057     0.9911
 9436.500      1.0006     0.9898
 9436.600      0.9944     0.9864
 9436.700      0.9945     0.9785
 9436.800      0.9980     0.9645
 9436.900      1.0025     0.9505
 9437.000      1.0062     0.9481
 9437.100      1.0077     0.9598
 9437.200      1.0028     0.9744
 9437.300      0.9978     0.9817
 9437.400      0.9928     0.9822
 9437.500      0.9913     0.9816
 9437.600      0.9940     0.9832
 9437.700      0.9995     0.9859
 9437.800      1.0055     0.9879
 9437.900      1.0111     0.9891
 9438.000      1.0116     0.9901
 9438.100      1.0084     0.9907
 9438.200      1.0028     0.9909
 9438.300      0.9959     0.9904
 9438.400      0.9883     0.9885
 9438.500      0.9805     0.9832
 9438.600      0.9749     0.9736
 9438.700      0.9708     0.9632
 9438.800      0.9671     0.9600
 9438.900      0.9595     0.9668
 9439.000      0.9425     0.9777
 9439.100      0.9119     0.9857
 9439.200      0.8744     0.9894
 9439.300      0.8349     0.9907
 9439.400      0.8111     0.9910
 9439.500      0.7883     0.9912
 9439.600      0.7538     0.9912
 9439.700      0.6871     0.9913
 9439.800      0.5761     0.9913
 9439.900      0.4251     0.9913
 9440.000      0.2763     0.9913
 9440.100      0.1381     0.9913
 9440.200      0.0606     0.9913
 9440.300      0.0286     0.9913
 9440.400      0.0298     0.9913
 9440.500      0.0502     0.9913
 9440.600      0.1022     0.9913
 9440.700      0.2064     0.9913
 9440.800      0.3570     0.9912
 9440.900      0.5183     0.9912
 9441.000      0.6501     0.9912
 9441.100      0.7413     0.9912
 9441.200      0.7912     0.9912
 9441.300      0.8145     0.9912
 9441.400      0.8303     0.9912
 9441.500      0.8426     0.9911
 9441.600      0.8507     0.9911
 9441.700      0.8534     0.9910
 9441.800      0.8489     0.9908
 9441.900      0.8407     0.9907
 9442.000      0.8291     0.9908
 9442.100      0.8120     0.9909
 9442.200      0.7862     0.9909
 9442.300      0.7472     0.9910
 9442.400      0.6943     0.9910
 9442.500      0.6237     0.9910
 9442.600      0.5312     0.9910
 9442.700      0.4122     0.9910
 9442.800      0.2860     0.9910
 9442.900      0.1695     0.9909
 9443.000      0.0783     0.9909
 9443.100      0.0273     0.9908
 9443.200      0.0087     0.9906
 9443.300      0.0035     0.9900
 9443.400      0.0039     0.9890
 9443.500      0.0063     0.9877
 9443.600      0.0128     0.9867
 9443.700      0.0384     0.9861
 9443.800      0.0945     0.9862
 9443.900      0.1853     0.9873
 9444.000      0.3089     0.9889
 9444.100      0.4310     0.9900
 9444.200      0.5411     0.9905
 9444.300      0.6241     0.9906
 9444.400      0.6795     0.9904
 9444.500      0.7086     0.9897
 9444.600      0.6951     0.9878
 9444.700      0.6326     0.9846
 9444.800      0.5204     0.9818
 9444.900      0.4329     0.9820
 9445.000      0.4204     0.9849
 9445.100      0.5106     0.9880
 9445.200      0.6009     0.9898
 9445.300      0.6419     0.9904
 9445.400      0.6055     0.9905
 9445.500      0.4977     0.9905
 9445.600      0.3438     0.9905
 9445.700      0.2026     0.9905
 9445.800      0.1060     0.9904
 9445.900      0.1188     0.9904
 9446.000      0.2305     0.9902
 9446.100      0.3898     0.9901
 9446.200      0.5453     0.9901
 9446.300      0.6830     0.9901
 9446.400      0.7611     0.9900
 9446.500      0.7966     0.9892
 9446.600      0.7786     0.9868
 9446.700      0.6812     0.9828
 9446.800      0.5843     0.9793
 9446.900      0.4911     0.9795
 9447.000      0.5231     0.9829
 9447.100      0.6307     0.9865
 9447.200      0.7668     0.9886
 9447.300      0.8669     0.9895
 9447.400      0.9206     0.9899
 9447.500      0.9418     0.9900
 9447.600      0.9452     0.9901
 9447.700      0.9412     0.9901
 9447.800      0.9346     0.9901
 9447.900      0.9239     0.9900
 9448.000      0.9049     0.9899
 9448.100      0.8552     0.9896
 9448.200      0.7471     0.9892
 9448.300      0.5791     0.9889
 9448.400      0.4172     0.9889
 9448.500      0.2857     0.9889
 9448.600      0.3161     0.9886
 9448.700      0.4449     0.9885
 9448.800      0.6059     0.9886
 9448.900      0.7371     0.9890
 9449.000      0.8327     0.9894
 9449.100      0.8946     0.9897
 9449.200      0.9345     0.9898
 9449.300      0.9596     0.9898
 9449.400      0.9745     0.9898
 9449.500      0.9886     0.9898
 9449.600      1.0019     0.9897
 9449.700      1.0052     0.9897
 9449.800      1.0038     0.9897
 9449.900      1.0007     0.9897
 9450.000      1.0024     0.9896
 9450.100      1.0047     0.9896
 9450.200      1.0040     0.9895
 9450.300      1.0007     0.9895
 9450.400      0.9967     0.9895
 9450.500      0.9951     0.9895
 9450.600      0.9949     0.9895
 9450.700      0.9951     0.9895
 9450.800      0.9945     0.9895
 9450.900      0.9929     0.9895
 9451.000      0.9898     0.9895
 9451.100      0.9843     0.9895
 9451.200      0.9722     0.9894
 9451.300      0.9362     0.9894
 9451.400      0.8521     0.9894
 9451.500      0.7431     0.9894
 9451.600      0.6316     0.9893
 9451.700      0.5654     0.9893
 9451.800      0.6132     0.9892
 9451.900      0.7317     0.9890
 9452.000      0.8427     0.9888
 9452.100      0.8806     0.9885
 9452.200      0.8617     0.9884
 9452.300      0.8306     0.9882
 9452.400      0.8041     0.9883
 9452.500      0.7579     0.9884
 9452.600      0.6647     0.9885
 9452.700      0.5254     0.9885
 9452.800      0.4139     0.9886
 9452.900      0.4273     0.9887
 9453.000      0.5697     0.9889
 9453.100      0.7328     0.9889
 9453.200      0.8594     0.9890
 9453.300      0.9328     0.9889
 9453.400      0.9663     0.9889
 9453.500      0.9828     0.9889
 9453.600      0.9938     0.9889
 9453.700      1.0015     0.9888
 9453.800      1.0057     0.9887
 9453.900      1.0055     0.9885
 9454.000      1.0013     0.9879
 9454.100      0.9963     0.9871
 9454.200      0.9909     0.9865
 9454.300      0.9851     0.9867
 9454.400      0.9814     0.9874
 9454.500      0.9832     0.9881
 9454.600      0.9919     0.9884
 9454.700      0.9987     0.9884
 9454.800      0.9958     0.9882
 9454.900      0.9818     0.9877
 9455.000      0.9659     0.9871
 9455.100      0.9531     0.9863
 9455.200      0.9548     0.9859
 9455.300      0.9649     0.9861
 9455.400      0.9723     0.9868
 9455.500      0.9695     0.9875
 9455.600      0.9566     0.9879
 9455.700      0.9455     0.9881
 9455.800      0.9386     0.9882
 9455.900      0.9363     0.9882
 9456.000      0.9195     0.9882
 9456.100      0.8755     0.9882
 9456.200      0.8012     0.9882
 9456.300      0.6679     0.9881
 9456.400      0.5049     0.9881
 9456.500      0.3431     0.9880
 9456.600      0.2252     0.9879
 9456.700      0.2280     0.9877
 9456.800      0.2849     0.9877
 9456.900      0.3303     0.9877
 9457.000      0.2802     0.9878
 9457.100      0.2139     0.9879
 9457.200      0.1459     0.9879
 9457.300      0.2032     0.9879
 9457.400      0.3415     0.9879
 9457.500      0.5125     0.9879
 9457.600      0.6582     0.9879
 9457.700      0.7587     0.9878
 9457.800      0.7979     0.9878
 9457.900      0.7913     0.9878
 9458.000      0.7589     0.9878
 9458.100      0.7128     0.9877
 9458.200      0.6454     0.9877
 9458.300      0.5495     0.9877
 9458.400      0.4054     0.9876
 9458.500      0.2610     0.9876
 9458.600      0.1342     0.9876
 9458.700      0.0780     0.9875
 9458.800      0.1122     0.9874
 9458.900      0.2206     0.9873
 9459.000      0.3564     0.9872
 9459.100      0.4965     0.9871
 9459.200      0.5927     0.9871
 9459.300      0.6384     0.9872
 9459.400      0.6569     0.9872
 9459.500      0.6798     0.9873
 9459.600      0.7246     0.9873
 9459.700      0.8066     0.9872
 9459.800      0.8785     0.9871
 9459.900      0.9286     0.9871
 9460.000      0.9495     0.9870
 9460.100      0.9505     0.9868
 9460.200      0.9457     0.9862
 9460.300      0.9423     0.9837
 9460.400      0.9438     0.9766
 9460.500      0.9511     0.9640
 9460.600      0.9571     0.9511
 9460.700      0.9602     0.9477
 9460.800      0.9579     0.9567
 9460.900      0.9519     0.9705
 9461.000      0.9416     0.9806
 9461.100      0.9241     0.9851
 9461.200      0.9080     0.9864
 9461.300      0.8958     0.9866
 9461.400      0.8865     0.9866
 9461.500      0.8748     0.9866
 9461.600      0.8494     0.9866
 9461.700      0.8144     0.9866
 9461.800      0.7676     0.9866
 9461.900      0.7036     0.9866
 9462.000      0.6081     0.9865
 9462.100      0.4814     0.9865
 9462.200      0.3328     0.9865
 9462.300      0.1912     0.9865
 9462.400      0.0879     0.9864
 9462.500      0.0356     0.9864
 9462.600      0.0375     0.9863
 9462.700      0.0881     0.9860
 9462.800      0.1877     0.9853
 9462.900      0.2997     0.9842
 9463.000      0.3851     0.9834
 9463.100      0.4084     0.9837
 9463.200      0.3645     0.9847
 9463.300      0.2938     0.9855
 9463.400      0.2334     0.9859
 9463.500      0.2028     0.9860
 9463.600      0.1578     0.9860
 9463.700      0.1067     0.9859
 9463.800      0.0625     0.9856
 9463.900      0.0545     0.9850
 9464.000      0.1152     0.9838
 9464.100      0.2453     0.9827
 9464.200      0.3959     0.9824
 9464.300      0.5523     0.9832
 9464.400      0.6779     0.9843
 9464.500      0.7663     0.9847
 9464.600      0.8267     0.9834
 9464.700      0.8706     0.9800
 9464.800      0.9031     0.9758
 9464.900      0.9257     0.9739
 9465.000      0.9409     0.9755
 9465.100      0.9502     0.9786
 9465.200      0.9527     0.9814
 9465.300      0.9550     0.9835
 9465.400      0.9591     0.9846
 9465.500      0.9694     0.9850
 9465.600      0.9816     0.9849
 9465.700      0.9917     0.9846
 9465.800      0.9986     0.9842
 9465.900      1.0003     0.9839
 9466.000      0.9962     0.9840
 9466.100      0.9840     0.9842
 9466.200      0.9596     0.9846
 9466.300      0.9110     0.9848
 9466.400      0.8593     0.9848
 9466.500      0.8239     0.9849
 9466.600      0.8256     0.9849
 9466.700      0.8576     0.9848
 9466.800      0.9031     0.9848
 9466.900      0.9398     0.9848
 9467.000      0.9426     0.9847
 9467.100      0.8851     0.9847
 9467.200      0.8063     0.9847
 9467.300      0.7217     0.9846
 9467.400      0.6963     0.9846
 9467.500      0.7248     0.9846
 9467.600      0.7746     0.9845
 9467.700      0.7673     0.9845
 9467.800      0.6753     0.9844
 9467.900      0.5421     0.9844
 9468.000      0.4517     0.9844
 9468.100      0.4963     0.9843
 9468.200      0.6413     0.9842
 9468.300      0.7904     0.9839
 9468.400      0.8845     0.9832
 9468.500      0.9341     0.9822
 9468.600      0.9631     0.9814
 9468.700      0.9861     0.9817
 9468.800      0.9998     0.9826
 9468.900      1.0052     0.9834
 9469.000      1.0058     0.9838
 9469.100      1.0007     0.9838
 9469.200      0.9864     0.9838
 9469.300      0.9474     0.9838
 9469.400      0.8826     0.9837
 9469.500      0.8003     0.9837
 9469.600      0.7528     0.9836
 9469.700      0.7707     0.9836
 9469.800      0.8417     0.9835
 9469.900      0.9009     0.9834
 9470.000      0.9035     0.9834
 9470.100      0.8206     0.9834
 9470.200      0.7240     0.9833
 9470.300      0.6396     0.9833
 9470.400      0.6241     0.9832
 9470.500      0.6763     0.9831
 9470.600      0.7578     0.9830
 9470.700      0.8200     0.9827
 9470.800      0.8175     0.9823
 9470.900      0.7221     0.9821
 9471.000      0.5805     0.9820
 9471.100      0.4221     0.9822
 9471.200      0.3502     0.9824
 9471.300      0.3880     0.9825
 9471.400      0.4966     0.9826
 9471.500      0.5635     0.9826
 9471.600      0.5344     0.9826
 9471.700      0.3919     0.9826
 9471.800      0.2536     0.9826
 9471.900      0.1574     0.9826
 9472.000      0.1757     0.9825
 9472.100      0.2978     0.9825
 9472.200      0.4768     0.9824
 9472.300      0.6410     0.9824
 9472.400      0.7682     0.9823
 9472.500      0.8361     0.9823
 9472.600      0.8535     0.9822
 9472.700      0.8226     0.9822
 9472.800      0.7297     0.9821
 9472.900      0.6354     0.9820
 9473.000      0.5684     0.9820
 9473.100      0.6006     0.9819
 9473.200      0.6948     0.9818
 9473.300      0.8083     0.9817
 9473.400      0.8981     0.9815
 9473.500      0.9467     0.9814
 9473.600      0.9714     0.9813
 9473.700      0.9817     0.9814
 9473.800      0.9831     0.9814
 9473.900      0.9762     0.9814
 9474.000      0.9712     0.9812
 9474.100      0.9783     0.9810
 9474.200      0.9883     0.9807
 9474.300      0.9986     0.9806
 9474.400      1.0025     0.9808
 9474.500      1.0027     0.9810
 9474.600      0.9983     0.9811
 9474.700      0.9794     0.9811
 9474.800      0.9592     0.9810
 9474.900      0.9390     0.9810
 9475.000      0.9362     0.9809
 9475.100      0.9409     0.9808
 9475.200      0.9462     0.9808
 9475.300      0.9382     0.9807
 9475.400      0.9196     0.9807
 9475.500      0.9071     0.9806
 9475.600      0.9073     0.9806
 9475.700      0.9182     0.9805
 9475.800      0.9297     0.9804
 9475.900      0.9409     0.9804
 9476.000      0.9487     0.9803
 9476.100      0.9517     0.9802
 9476.200      0.9444     0.9802
 9476.300      0.9098     0.9801
 9476.400      0.8362     0.9801
 9476.500      0.7418     0.9800
 9476.600      0.6464     0.9800
 9476.700      0.5482     0.9799
 9476.800      0.4442     0.9798
 9476.900      0.3317     0.9798
 9477.000      0.2299     0.9796
 9477.100      0.2342     0.9794
 9477.200      0.3187     0.9793
 9477.300      0.4270     0.9792
 9477.400      0.4645     0.9792
 9477.500      0.4557     0.9793
 9477.600      0.4277     0.9792
 9477.700      0.4139     0.9792
 9477.800      0.4281     0.9791
 9477.900      0.4858     0.9790
 9478.000      0.5892     0.9790
 9478.100      0.7001     0.9789
 9478.200      0.7291     0.9788
 9478.300      0.6700     0.9787
 9478.400      0.5719     0.9787
 9478.500      0.5259     0.9786
 9478.600      0.5661     0.9786
 9478.700      0.6733     0.9785
 9478.800      0.7716     0.9784
 9478.900      0.8420     0.9784
 9479.000      0.8428     0.9783
 9479.100      0.7857     0.9782
 9479.200      0.7117     0.9782
 9479.300      0.6827     0.9781
 9479.400      0.7255     0.9780
 9479.500      0.8166     0.9780
 9479.600      0.8956     0.9779
 9479.700      0.9475     0.9778
 9479.800      0.9634     0.9778
 9479.900      0.9679     0.9777
 9480.000      0.9697     0.9776
 9480.100      0.9711     0.9776
 9480.200      0.9699     0.9775
 9480.300      0.9671     0.9774
 9480.400      0.9656     0.9773
 9480.500      0.9647     0.9773
 9480.600      0.9641     0.9772
 9480.700      0.9573     0.9771
 9480.800      0.9486     0.9770
 9480.900      0.9402     0.9770
 9481.000      0.9341     0.9769
 9481.100      0.9292     0.9768
 9481.200      0.9130     0.9767
 9481.300      0.8936     0.9766
 9481.400      0.8732     0.9765
 9481.500      0.8667     0.9764
 9481.600      0.8697     0.9763
 9481.700      0.8762     0.9762
 9481.800      0.8756     0.9760
 9481.900      0.8592     0.9759
 9482.000      0.8204     0.9757
 9482.100      0.7572     0.9756
 9482.200      0.6681     0.9754
 9482.300      0.5508     0.9750
 9482.400      0.4186     0.9740
 9482.500      0.2806     0.9712
 9482.600      0.1620     0.9640
 9482.700      0.0791     0.9514
 9482.800      0.0469     0.9379
 9482.900      0.0753     0.9329
 9483.000      0.1586     0.9406
 9483.100      0.2908     0.9545
 9483.200      0.4159     0.9658
 9483.300      0.5073     0.9715
 9483.400      0.5371     0.9735
 9483.500      0.5120     0.9741
 9483.600      0.4477     0.9743
 9483.700      0.3548     0.9743
 9483.800      0.2570     0.9743
 9483.900      0.1605     0.9742
 9484.000      0.0786     0.9742
 9484.100      0.0302     0.9741
 9484.200      0.0127     0.9741
 9484.300      0.0228     0.9740
 9484.400      0.0588     0.9739
 9484.500      0.1298     0.9738
 9484.600      0.2055     0.9737
 9484.700      0.2641     0.9737
 9484.800      0.2799     0.9736
 9484.900      0.2752     0.9735
 9485.000      0.3061     0.9734
 9485.100      0.4006     0.9733
 9485.200      0.5387     0.9732
 9485.300      0.6652     0.9732
 9485.400      0.7618     0.9731
 9485.500      0.8118     0.9729
 9485.600      0.8411     0.9728
 9485.700      0.8629     0.9726
 9485.800      0.8816     0.9724
 9485.900      0.8945     0.9723
 9486.000      0.9012     0.9723
 9486.100      0.9037     0.9723
 9486.200      0.8995     0.9723
 9486.300      0.8888     0.9722
 9486.400      0.8742     0.9721
 9486.500      0.8615     0.9720
 9486.600      0.8685     0.9719
 9486.700      0.8934     0.9717
 9486.800      0.9236     0.9715
 9486.900      0.9403     0.9713
 9487.000      0.9445     0.9710
 9487.100      0.9399     0.9708
 9487.200      0.9327     0.9707
 9487.300      0.9167     0.9707
 9487.400      0.8875     0.9707
 9487.500      0.8602     0.9707
 9487.600      0.8411     0.9706
 9487.700      0.8486     0.9706
 9487.800      0.8545     0.9705
 9487.900      0.8574     0.9703
 9488.000      0.8588     0.9702
 9488.100      0.8577     0.9701
 9488.200      0.8496     0.9700
 9488.300      0.7947     0.9699
 9488.400      0.7100     0.9698
 9488.500      0.6150     0.9697
 9488.600      0.5791     0.9696
 9488.700      0.6353     0.9695
 9488.800      0.7560     0.9694
 9488.900      0.8617     0.9693
 9489.000      0.9189     0.9692
 9489.100      0.9236     0.9690
 9489.200      0.8946     0.9689
 9489.300      0.8505     0.9688
 9489.400      0.8271     0.9687
 9489.500      0.8131     0.9686
 9489.600      0.7941     0.9685
 9489.700      0.7354     0.9684
 9489.800      0.6456     0.9682
 9489.900      0.5821     0.9681
 9490.000      0.5846     0.9679
 9490.100      0.6681     0.9678
 9490.200      0.7778     0.9677
 9490.300      0.8825     0.9676
 9490.400      0.9395     0.9675
 9490.500      0.9698     0.9674
 9490.600      0.9846     0.9672
 9490.700      0.9900     0.9671
 9490.800      0.9907     0.9670
 9490.900      0.9900     0.9669
 9491.000      0.9920     0.9668
 9491.100      0.9941     0.9667
 9491.200      0.9954     0.9666
 9491.300      0.9970     0.9665
 9491.400      0.9994     0.9664
 9491.500      1.0033     0.9663
 9491.600      1.0060     0.9661
 9491.700      1.0054     0.9660
 9491.800      1.0018     0.9659
 9491.900      0.9936     0.9658
 9492.000      0.9771     0.9656
 9492.100      0.9390     0.9655
 9492.200      0.8968     0.9654
 9492.300      0.8616     0.9652
 9492.400      0.8559     0.9651
 9492.500      0.8829     0.9649
 9492.600      0.9283     0.9647
 9492.700      0.9685     0.9644
 9492.800      0.9928     0.9643
 9492.900      0.9980     0.9641
 9493.000      0.9982     0.9640
 9493.100      0.9968     0.9638
 9493.200      0.9940     0.9635
 9493.300      0.9888     0.9629
 9493.400      0.9791     0.9616
 9493.500      0.9759     0.9603
 9493.600      0.9784     0.9598
 9493.700      0.9732     0.9606
 9493.800      0.9443     0.9617
 9493.900      0.8918     0.9623
 9494.000      0.8449     0.9625
 9494.100      0.8219     0.9624
 9494.200      0.8555     0.9622
 9494.300      0.9040     0.9621
 9494.400      0.9539     0.9620
 9494.500      0.9722     0.9619
 9494.600      0.9748     0.9617
 9494.700      0.9697     0.9616
 9494.800      0.9618     0.9615
 9494.900      0.9514     0.9613
 9495.000      0.9380     0.9612
 9495.100      0.9182     0.9610
 9495.200      0.8838     0.9608
 9495.300      0.8208     0.9607
 9495.400      0.7499     0.9605
 9495.500      0.6776     0.9603
 9495.600      0.6107     0.9602
 9495.700      0.5208     0.9599
 9495.800      0.3928     0.9597
 9495.900      0.2683     0.9595
 9496.000      0.1770     0.9594
 9496.100      0.2027     0.9594
 9496.200      0.2614     0.9593
 9496.300      0.3217     0.9592
 9496.400      0.2803     0.9590
 9496.500      0.1967     0.9588
 9496.600      0.1003     0.9587
 9496.700      0.0421     0.9585
 9496.800      0.0183     0.9584
 9496.900      0.0245     0.9582
 9497.000      0.0649     0.9580
 9497.100      0.1469     0.9579
 9497.200      0.2733     0.9577
 9497.300      0.4086     0.9574
 9497.400      0.5453     0.9570
 9497.500      0.6502     0.9566
 9497.600      0.7280     0.9560
 9497.700      0.7817     0.9553
 9497.800      0.8137     0.9550
 9497.900      0.8331     0.9552
 9498.000      0.8464     0.9557
 9498.100      0.8598     0.9559
 9498.200      0.8742     0.9558
 9498.300      0.8949     0.9556
 9498.400      0.9103     0.9553
 9498.500      0.9104     0.9551
 9498.600      0.8935     0.9549
 9498.700      0.8750     0.9547
 9498.800      0.8564     0.9545
 9498.900      0.8297     0.9543
 9499.000      0.8004     0.9542
 9499.100      0.7776     0.9539
 9499.200      0.7628     0.9536
 9499.300      0.7510     0.9530
 9499.400      0.7080     0.9523
 9499.500      0.6302     0.9519
 9499.600      0.5173     0.9519
 9499.700      0.3737     0.9523
 9499.800      0.2299     0.9525
 9499.900      0.1219     0.9524
 9500.000      0.0854     0.9519
 9500.100      0.1414     0.9509
 9500.200      0.2839     0.9494
 9500.300      0.4434     0.9483
 9500.400      0.6064     0.9484
 9500.500      0.7254     0.9494
 9500.600      0.8074     0.9503
 9500.700      0.8624     0.9507
 9500.800      0.8954     0.9507
 9500.900      0.9112     0.9505
 9501.000      0.9123     0.9503
 9501.100      0.8861     0.9501
 9501.200      0.8490     0.9499
 9501.300      0.8132     0.9497
 9501.400      0.7935     0.9495
 9501.500      0.7960     0.9493
 9501.600      0.7662     0.9491
 9501.700      0.6994     0.9489
 9501.800      0.6099     0.9487
 9501.900      0.5474     0.9485
 9502.000      0.4993     0.9483
 9502.100      0.4410     0.9480
 9502.200      0.3959     0.9478
 9502.300      0.3982     0.9475
 9502.400      0.4914     0.9472
 9502.500      0.5879     0.9469
 9502.600      0.6501     0.9468
 9502.700      0.6374     0.9467
 9502.800      0.5454     0.9465
 9502.900      0.3995     0.9463
 9503.000      0.2587     0.9460
 9503.100      0.1361     0.9457
 9503.200      0.0685     0.9455
 9503.300      0.0317     0.9453
 9503.400      0.0165     0.9451
 9503.500      0.0178     0.9449
 9503.600      0.0445     0.9446
 9503.700      0.0969     0.9442
 9503.800      0.1475     0.9437
 9503.900      0.1881     0.9433
 9504.000      0.1673     0.9431
 9504.100      0.1263     0.9429
 9504.200      0.0801     0.9428
 9504.300      0.0961     0.9426
 9504.400      0.1901     0.9423
 9504.500      0.3385     0.9421
 9504.600      0.4932     0.9418
 9504.700      0.6437     0.9414
 9504.800      0.7480     0.9408
 9504.900      0.8132     0.9394
 9505.000      0.8493     0.9367
 9505.100      0.8636     0.9334
 9505.200      0.8783     0.9317
 9505.300      0.8955     0.9330
 9505.400      0.9173     0.9359
 9505.500      0.9369     0.9381
 9505.600      0.9422     0.9390
 9505.700      0.9377     0.9391
 9505.800      0.9326     0.9389
 9505.900      0.9487     0.9386
 9506.000      0.9697     0.9383
 9506.100      0.9919     0.9381
 9506.200      1.0018     0.9378
 9506.300      1.0055     0.9376
 9506.400      1.0059     0.9373
 9506.500      1.0036     0.9371
 9506.600      0.9957     0.9368
 9506.700      0.9720     0.9365
 9506.800      0.9300     0.9362
 9506.900      0.8818     0.9358
 9507.000      0.8690     0.9351
 9507.100      0.8944     0.9341
 9507.200      0.9412     0.9332
 9507.300      0.9795     0.9329
 9507.400      1.0020     0.9333
 9507.500      1.0036     0.9338
 9507.600      0.9936     0.9339
 9507.700      0.9715     0.9338
 9507.800      0.9320     0.9336
 9507.900      0.8493     0.9333
 9508.000      0.7411     0.9330
 9508.100      0.6449     0.9327
 9508.200      0.6053     0.9324
 9508.300      0.6662     0.9321
 9508.400      0.7602     0.9318
 9508.500      0.8489     0.9315
 9508.600      0.8918     0.9311
 9508.700      0.9307     0.9307
 9508.800      0.9664     0.9302
 9508.900      0.9961     0.9296
 9509.000      1.0093     0.9290
 9509.100      1.0070     0.9284
 9509.200      1.0023     0.9281
 9509.300      1.0004     0.9281
 9509.400      1.0093     0.9281
 9509.500      1.0211     0.9280
 9509.600      1.0324     0.9277
 9509.700      1.0290     0.9273
 9509.800      1.0174     0.9267
 9509.900      1.0003     0.9261
 9510.000      0.9792     0.9257
 9510.100      0.9539     0.9256
 9510.200      0.9262     0.9255
 9510.300      0.9121     0.9254
 9510.400      0.9168     0.9251
 9510.500      0.9351     0.9248
 9510.600      0.9489     0.9245
 9510.700      0.9549     0.9241
 9510.800      0.9543     0.9238
 9510.900      0.9568     0.9235
 9511.000      0.9640     0.9232
 9511.100      0.9540     0.9228
 9511.200      0.9383     0.9225
 9511.300      0.9216     0.9222
 9511.400      0.9298     0.9219
 9511.500      0.9501     0.9215
 9511.600      0.9679     0.9212
 9511.700      0.9762     0.9208
 9511.800      0.9777     0.9205
 9511.900      0.9870     0.9201
 9512.000      0.9997     0.9198
 9512.100      1.0135     0.9195
 9512.200      1.0221     0.9191
 9512.300      1.0236     0.9188
 9512.400      1.0187     0.9184
 9512.500      1.0080     0.9181
 9512.600      0.9957     0.9177
 9512.700      0.9834     0.9173
 9512.800      0.9717     0.9170
 9512.900      0.9610     0.9166
 9513.000      0.9234     0.9161
 9513.100      0.8494     0.9156
 9513.200      0.7493     0.9149
 9513.300      0.6978     0.9144
 9513.400      0.7236     0.9140
 9513.500      0.8131     0.9137
 9513.600      0.8902     0.9133
 9513.700      0.9383     0.9130
 9513.800      0.9591     0.9126
 9513.900      0.9739     0.9123
 9514.000      0.9866     0.9119
 9514.100      0.9980     0.9116
 9514.200      1.0064     0.9112
 9514.300      1.0069     0.9108
 9514.400      1.0014     0.9104
 9514.500      0.9941     0.9100
 9514.600      0.9867     0.9096
 9514.700      0.9780     0.9092
 9514.800      0.9632     0.9088
 9514.900      0.9153     0.9084
 9515.000      0.8441     0.9080
 9515.100      0.7630     0.9076
 9515.200      0.7321     0.9072
 9515.300      0.7714     0.9068
 9515.400      0.8596     0.9063
 9515.500      0.9323     0.9059
 9515.600      0.9682     0.9055
 9515.700      0.9709     0.9051
 9515.800      0.9554     0.9047
 9515.900      0.9241     0.9043
 9516.000      0.8502     0.9038
 9516.100      0.7568     0.9034
 9516.200      0.6576     0.9030
 9516.300      0.6126     0.9025
 9516.400      0.6528     0.9021
 9516.500      0.7529     0.9017
 9516.600      0.8370     0.9012
 9516.700      0.8616     0.9008
 9516.800      0.7920     0.9003
 9516.900      0.7123     0.8999
 9517.000      0.6465     0.8994
 9517.100      0.6673     0.8989
 9517.200      0.7482     0.8983
 9517.300      0.8458     0.8977
 9517.400      0.9217     0.8972
 9517.500      0.9545     0.8967
 9517.600      0.9540     0.8962
 9517.700      0.9528     0.8957
 9517.800      0.9519     0.8953
 9517.900      0.9487     0.8948
 9518.000      0.9422     0.8943
 9518.100      0.9326     0.8939
 9518.200      0.9210     0.8934
 9518.300      0.9067     0.8929
 9518.400      0.8858     0.8924
 9518.500      0.8477     0.8920
 9518.600      0.7873     0.8915
 9518.700      0.7131     0.8910
 9518.800      0.6488     0.8905
 9518.900      0.6132     0.8900
 9519.000      0.5688     0.8895
 9519.100      0.4953     0.8890
 9519.200      0.3591     0.8885
 9519.300      0.2252     0.8880
 9519.400      0.1028     0.8875
 9519.500      0.0518     0.8870
 9519.600      0.0596     0.8865
 9519.700      0.1025     0.8860
 9519.800      0.1539     0.8853
 9519.900      0.2193     0.8846
 9520.000      0.3133     0.8839
 9520.100      0.4383     0.8834
 9520.200      0.5711     0.8831
 9520.300      0.6411     0.8827
 9520.400      0.6538     0.8823
 9520.500      0.6403     0.8817
 9520.600      0.6649     0.8811
 9520.700      0.7243     0.8804
 9520.800      0.8014     0.8798
 9520.900      0.8502     0.8792
 9521.000      0.8624     0.8786
 9521.100      0.8506     0.8781
 9521.200      0.8335     0.8775
 9521.300      0.8111     0.8770
 9521.400      0.7687     0.8764
 9521.500      0.6887     0.8759
 9521.600      0.5596     0.8753
 9521.700      0.3935     0.8747
 9521.800      0.2351     0.8742
 9521.900      0.1764     0.8736
 9522.000      0.2434     0.8730
 9522.100      0.3775     0.8725
 9522.200      0.5318     0.8719
 9522.300      0.6539     0.8713
 9522.400      0.7043     0.8707
 9522.500      0.7091     0.8701
 9522.600      0.7194     0.8696
 9522.700      0.7511     0.8690
 9522.800      0.7771     0.8684
 9522.900      0.7845     0.8678
 9523.000      0.7526     0.8672
 9523.100      0.7370     0.8666
 9523.200      0.7542     0.8660
 9523.300      0.7994     0.8654
 9523.400      0.8390     0.8647
 9523.500      0.8570     0.8639
 9523.600      0.8587     0.8632
 9523.700      0.8459     0.8624
 9523.800      0.8210     0.8618
 9523.900      0.7869     0.8612
 9524.000      0.7419     0.8606
 9524.100      0.6804     0.8599
 9524.200      0.5896     0.8593
 9524.300      0.4671     0.8586
 9524.400      0.3207     0.8580
 9524.500      0.1800     0.8573
 9524.600      0.0803     0.8566
 9524.700      0.0279     0.8559
 9524.800      0.0147     0.8552
 9524.900      0.0286     0.8546
 9525.000      0.0779     0.8540
 9525.100      0.1642     0.8534
 9525.200      0.2945     0.8527
 9525.300      0.4247     0.8520
 9525.400      0.5479     0.8513
 9525.500      0.6432     0.8504
 9525.600      0.7112     0.8494
 9525.700      0.7569     0.8485
 9525.800      0.7681     0.8478
 9525.900      0.7485     0.8474
 9526.000      0.7056     0.8469
 9526.100      0.6801     0.8462
 9526.200      0.7010     0.8455
 9526.300      0.7677     0.8447
 9526.400      0.8332     0.8440
 9526.500      0.8743     0.8433
 9526.600      0.8898     0.8425
 9526.700      0.8938     0.8418
 9526.800      0.8937     0.8410
 9526.900      0.8861     0.8403
 9527.000      0.8685     0.8395
 9527.100      0.8411     0.8388
 9527.200      0.7936     0.8381
 9527.300      0.7080     0.8374
 9527.400      0.5569     0.8366
 9527.500      0.3982     0.8359
 9527.600      0.2752     0.8351
 9527.700      0.2606     0.8344
 9527.800      0.3630     0.8336
 9527.900      0.5377     0.8329
 9528.000      0.6964     0.8321
 9528.100      0.8065     0.8312
 9528.200      0.8622     0.8304
 9528.300      0.8863     0.8295
 9528.400      0.8963     0.8286
 9528.500      0.9031     0.8278
 9528.600      0.9103     0.8270
 9528.700      0.9215     0.8262
 9528.800      0.9315     0.8254
 9528.900      0.9378     0.8246
 9529.000      0.9372     0.8238
 9529.100      0.9232     0.8229
 9529.200      0.8941     0.8221
 9529.300      0.8556     0.8210
 9529.400      0.8240     0.8199
 9529.500      0.8270     0.8187
 9529.600      0.8418     0.8179
 9529.700      0.8552     0.8173
 9529.800      0.7939     0.8168
 9529.900      0.6876     0.8161
 9530.000      0.5660     0.8153
 9530.100      0.5277     0.8143
 9530.200      0.5726     0.8134
 9530.300      0.6633     0.8125
 9530.400      0.7307     0.8116
 9530.500      0.7509     0.8107
 9530.600      0.7044     0.8098
 9530.700      0.5821     0.8089
 9530.800      0.4343     0.8080
 9530.900      0.2923     0.8071
 9531.000      0.2026     0.8062
 9531.100      0.2300     0.8053
 9531.200      0.3355     0.8044
 9531.300      0.4414     0.8035
 9531.400      0.5169     0.8025
 9531.500      0.5864     0.8016
 9531.600      0.6462     0.8006
 9531.700      0.6542     0.7995
 9531.800      0.5869     0.7986
 9531.900      0.4810     0.7976
 9532.000      0.4438     0.7967
 9532.100      0.5095     0.7957
 9532.200      0.6513     0.7948
 9532.300      0.7813     0.7938
 9532.400      0.8808     0.7928
 9532.500      0.9275     0.7917
 9532.600      0.9498     0.7905
 9532.700      0.9613     0.7892
 9532.800      0.9667     0.7880
 9532.900      0.9725     0.7871
 9533.000      0.9789     0.7864
 9533.100      0.9811     0.7855
 9533.200      0.9807     0.7845
 9533.300      0.9789     0.7835
 9533.400      0.9713     0.7825
 9533.500      0.9489     0.7815
 9533.600      0.8943     0.7804
 9533.700      0.8464     0.7794
 9533.800      0.8195     0.7784
 9533.900      0.8247     0.7773
 9534.000      0.8106     0.7762
 9534.100      0.7485     0.7751
 9534.200      0.6839     0.7740
 9534.300      0.6387     0.7729
 9534.400      0.7160     0.7717
 9534.500      0.8236     0.7705
 9534.600      0.9364     0.7694
 9534.700      0.9827     0.7683
 9534.800      0.9999     0.7672
 9534.900      1.0037     0.7661
 9535.000      1.0020     0.7650
 9535.100      1.0004     0.7639
 9535.200      1.0003     0.7628
 9535.300      0.9994     0.7616
 9535.400      0.9958     0.7604
 9535.500      0.9834     0.7592
 9535.600      0.9554     0.7580
 9535.700      0.9018     0.7568
 9535.800      0.8110     0.7556
 9535.900      0.7290     0.7545
 9536.000      0.7060     0.7533
 9536.100      0.7734     0.7521
 9536.200      0.8595     0.7508
 9536.300      0.9329     0.7496
 9536.400      0.9779     0.7483
 9536.500      0.9945     0.7471
 9536.600      0.9958     0.7458
 9536.700      0.9904     0.7446
 9536.800      0.9831     0.7433
 9536.900      0.9817     0.7421
 9537.000      0.9804     0.7408
 9537.100      0.9697     0.7395
 9537.200      0.9434     0.7382
 9537.300      0.9128     0.7369
 9537.400      0.8964     0.7356
 9537.500      0.8958     0.7342
 9537.600      0.9020     0.7329
 9537.700      0.8975     0.7316
 9537.800      0.8841     0.7302
 9537.900      0.8606     0.7288
 9538.000      0.8154     0.7275
 9538.100      0.7267     0.7261
 9538.200      0.5732     0.7248
 9538.300      0.3978     0.7234
 9538.400      0.2188     0.7220
 9538.500      0.1271     0.7206
 9538.600      0.1159     0.7191
 9538.700      0.1786     0.7177
 9538.800      0.2975     0.7163
 9538.900      0.4457     0.7148
 9539.000      0.6070     0.7134
 9539.100      0.7509     0.7119
 9539.200      0.8585     0.7105
 9539.300      0.9209     0.7090
 9539.400      0.9513     0.7075
 9539.500      0.9665     0.7060
 9539.600      0.9764     0.7044
 9539.700      0.9836     0.7029
 9539.800      0.9894     0.7014
 9539.900      0.9949     0.6998
 9540.000      0.9998     0.6983
 9540.100      1.0025     0.6967
 9540.200      1.0013     0.6951
 9540.300      0.9930     0.6935
 9540.400      0.9750     0.6919
 9540.500      0.9383     0.6903
 9540.600      0.8676     0.6886
 9540.700      0.7362     0.6870
 9540.800      0.6025     0.6853
 9540.900      0.5175     0.6836
 9541.000      0.5333     0.6819
 9541.100      0.6233     0.6802
 9541.200      0.7456     0.6785
 9541.300      0.8538     0.6768
 9541.400      0.9277     0.6750
 9541.500      0.9703     0.6732
 9541.600      0.9923     0.6714
 9541.700      1.0022     0.6696
 9541.800      1.0052     0.6678
 9541.900      1.0062     0.6660
 9542.000      1.0063     0.6641
 9542.100      1.0025     0.6622
 9542.200      0.9923     0.6603
 9542.300      0.9743     0.6584
 9542.400      0.9594     0.6565
 9542.500      0.9532     0.6545
 9542.600      0.9541     0.6525
 9542.700      0.9547     0.6504
 9542.800      0.9467     0.6484
 9542.900      0.9255     0.6463
 9543.000      0.8798     0.6442
 9543.100      0.7895     0.6420
 9543.200      0.6399     0.6398
 9543.300      0.4649     0.6376
 9543.400      0.3384     0.6353
 9543.500      0.3097     0.6330
 9543.600      0.3957     0.6306
 9543.700      0.5308     0.6282
 9543.800      0.6669     0.6257
 9543.900      0.7711     0.6232
 9544.000      0.8421     0.6206
 9544.100      0.8846     0.6179
 9544.200      0.9071     0.6152
 9544.300      0.9205     0.6123
 9544.400      0.9269     0.6094
 9544.500      0.9213     0.6063
 9544.600      0.9119     0.6031
 9544.700      0.9016     0.5997
 9544.800      0.8973     0.5962
 9544.900      0.8990     0.5925
 9545.000      0.9033     0.5886
 9545.100      0.9035     0.5844
 9545.200      0.8964     0.5800
 9545.300      0.8862     0.5752
 9545.400      0.8693     0.5700
 9545.500      0.8411     0.5645
 9545.600      0.8008     0.5586
 9545.700      0.7550     0.5527
 9545.800      0.7065     0.5476
 9545.900      0.6498     0.5443
 9546.000      0.5746     0.5437
 9546.100      0.4547     0.5458
 9546.200      0.3210     0.5502
 9546.300      0.1836     0.5559
 9546.400      0.0853     0.5619
 9546.500      0.0330     0.5676
 9546.600      0.0171     0.5729
 9546.700      0.0151     0.5778
 9546.800      0.0287     0.5824
 9546.900      0.0694     0.5867
 9547.000      0.1575     0.5908
 9547.100      0.2804     0.5946
 9547.200      0.4166     0.5982
 9547.300      0.5437     0.6017
 9547.400      0.6356     0.6049
 9547.500      0.6973     0.6081
 9547.600      0.7342     0.6111
 9547.700      0.7532     0.6140
 9547.800      0.7649     0.6168
 9547.900      0.7679     0.6195
 9548.000      0.7511     0.6222
 9548.100      0.6858     0.6248
 9548.200      0.5849     0.6273
 9548.300      0.4827     0.6297
 9548.400      0.4097     0.6321
 9548.500      0.4494     0.6345
 9548.600      0.5496     0.6368
 9548.700      0.6551     0.6390
 9548.800      0.6997     0.6412
 9548.900      0.6786     0.6434
 9549.000      0.6317     0.6456
 9549.100      0.6012     0.6477
 9549.200      0.6103     0.6498
 9549.300      0.6549     0.6518
 9549.400      0.6884     0.6538
 9549.500      0.7005     0.6558
 9549.600      0.6913     0.6578
 9549.700      0.6931     0.6597
 9549.800      0.7097     0.6616
 9549.900      0.7346     0.6635
 9550.000      0.7577     0.6653
 9550.100      0.7753     0.6669
 9550.200      0.7871     0.6683
 9550.300      0.7975     0.6699
 9550.400      0.8073     0.6718
 9550.500      0.8132     0.6740
 9550.600      0.8132     0.6761
 9550.700      0.8070     0.6780
 9550.800      0.7868     0.6798
 9550.900      0.7394     0.6815
 9551.000      0.6366     0.6832
 9551.100      0.5338     0.6849
 9551.200      0.4465     0.6866
 9551.300      0.4416     0.6883
 9551.400      0.5185     0.6899
 9551.500      0.6419     0.6916
 9551.600      0.7496     0.6932
 9551.700      0.8233     0.6948
 9551.800      0.8559     0.6964
 9551.900      0.8701     0.6980
 9552.000      0.8730     0.6996
 9552.100      0.8682     0.7011
 9552.200      0.8431     0.7027
 9552.300      0.7945     0.7042
 9552.400      0.7472     0.7058
 9552.500      0.7104     0.7073
 9552.600      0.7228     0.7088
 9552.700      0.7415     0.7102
 9552.800      0.7613     0.7117
 9552.900      0.7777     0.7132
 9553.000      0.8029     0.7147
 9553.100      0.8425     0.7161
 9553.200      0.8621     0.7176
 9553.300      0.8507     0.7190
 9553.400      0.8136     0.7204
 9553.500      0.7928     0.7219
 9553.600      0.8035     0.7233
 9553.700      0.8488     0.7247
 9553.800      0.8910     0.7261
 9553.900      0.9218     0.7274
 9554.000      0.9324     0.7288
 9554.100      0.9343     0.7302
 9554.200      0.9320     0.7316
 9554.300      0.9262     0.7329
 9554.400      0.9174     0.7342
 9554.500      0.9060     0.7356
 9554.600      0.8966     0.7369
 9554.700      0.8921     0.7382
 9554.800      0.8944     0.7395
 9554.900      0.8936     0.7408
 9555.000      0.8819     0.7421
 9555.100      0.8621     0.7434
 9555.200      0.8390     0.7446
 9555.300      0.8140     0.7459
 9555.400      0.7752     0.7471
 9555.500      0.7053     0.7483
 9555.600      0.5823     0.7496
 9555.700      0.4279     0.7509
 9555.800      0.2634     0.7522
 9555.900      0.1467     0.7534
 9556.000      0.1102     0.7546
 9556.100      0.1571     0.7558
 9556.200      0.2384     0.7570
 9556.300      0.3135     0.7582
 9556.400      0.3263     0.7593
 9556.500      0.3410     0.7605
 9556.600      0.3619     0.7617
 9556.700      0.3981     0.7629
 9556.800      0.4061     0.7641
 9556.900      0.3697     0.7652
 9557.000      0.3565     0.7664
 9557.100      0.4044     0.7675
 9557.200      0.5339     0.7687
 9557.300      0.6684     0.7698
 9557.400      0.8012     0.7709
 9557.500      0.8776     0.7720
 9557.600      0.9141     0.7731
 9557.700      0.9268     0.7742
 9557.800      0.9286     0.7754
 9557.900      0.9273     0.7765
 9558.000      0.9237     0.7776
 9558.100      0.9115     0.7787
 9558.200      0.8791     0.7797
 9558.300      0.8054     0.7808
 9558.400      0.6872     0.7818
 9558.500      0.5540     0.7828
 9558.600      0.4943     0.7839
 9558.700      0.5383     0.7849
 9558.800      0.6484     0.7860
 9558.900      0.7522     0.7870
 9559.000      0.8323     0.7881
 9559.100      0.8428     0.7892
 9559.200      0.7892     0.7902
 9559.300      0.6842     0.7912
 9559.400      0.5392     0.7922
 9559.500      0.4046     0.7932
 9559.600      0.2966     0.7942
 9559.700      0.2070     0.7951
 9559.800      0.1504     0.7961
 9559.900      0.1514     0.7971
 9560.000      0.2322     0.7980
 9560.100      0.3531     0.7990
 9560.200      0.4885     0.8000
 9560.300      0.6201     0.8010
 9560.400      0.7387     0.8020
 9560.500      0.8240     0.8030
 9560.600      0.8593     0.8039
 9560.700      0.8313     0.8049
 9560.800      0.7385     0.8058
 9560.900      0.6485     0.8067
 9561.000      0.6214     0.8076
 9561.100      0.6629     0.8084
 9561.200      0.7216     0.8093
 9561.300      0.7564     0.8101
 9561.400      0.7945     0.8110
 9561.500      0.8425     0.8118
 9561.600      0.9039     0.8128
 9561.700      0.9569     0.8138
 9561.800      0.9795     0.8148
 9561.900      0.9888     0.8157
 9562.000      0.9898     0.8166
 9562.100      0.9855     0.8175
 9562.200      0.9849     0.8183
 9562.300      0.9882     0.8192
 9562.400      0.9925     0.8201
 9562.500      0.9964     0.8209
 9562.600      0.9997     0.8218
 9562.700      1.0029     0.8226
 9562.800      1.0055     0.8235
 9562.900      1.0053     0.8243
 9563.000      1.0031     0.8251
 9563.100      1.0007     0.8259
 9563.200      1.0009     0.8265
 9563.300      1.0009     0.8271
 9563.400      1.0003     0.8277
 9563.500      0.9972     0.8285
 9563.600      0.9956     0.8296
 9563.700      0.9974     0.8306
 9563.800      0.9986     0.8317
 9563.900      0.9994     0.8326
 9564.000      0.9999     0.8335
 9564.100      1.0003     0.8343
 9564.200      1.0005     0.8350
 9564.300      0.9943     0.8358
 9564.400      0.9801     0.8366
 9564.500      0.9535     0.8373
 9564.600      0.9132     0.8380
 9564.700      0.8506     0.8387
 9564.800      0.7572     0.8394
 9564.900      0.6371     0.8401
 9565.000      0.5120     0.8409
 9565.100      0.4093     0.8417
 9565.200      0.3441     0.8425
 9565.300      0.3449     0.8432
 9565.400      0.4461     0.8439
 9565.500      0.5818     0.8447
 9565.600      0.7277     0.8454
 9565.700      0.8305     0.8461
 9565.800      0.8827     0.8469
 9565.900      0.8977     0.8477
 9566.000      0.8748     0.8485
 9566.100      0.8063     0.8493
 9566.200      0.6583     0.8500
 9566.300      0.5134     0.8507
 9566.400      0.3891     0.8514
 9566.500      0.3939     0.8521
 9566.600      0.4975     0.8528
 9566.700      0.6454     0.8535
 9566.800      0.7651     0.8541
 9566.900      0.8327     0.8548
 9567.000      0.8471     0.8555
 9567.100      0.8199     0.8561
 9567.200      0.7503     0.8568
 9567.300      0.6172     0.8574
 9567.400      0.4601     0.8581
 9567.500      0.2955     0.8587
 9567.600      0.2114     0.8591
 9567.700      0.2526     0.8593
 9567.800      0.4001     0.8592
 9567.900      0.5540     0.8594
 9568.000      0.7081     0.8603
 9568.100      0.7959     0.8616
 9568.200      0.8432     0.8628
 9568.300      0.8605     0.8638
 9568.400      0.8562     0.8645
 9568.500      0.8331     0.8653
 9568.600      0.7893     0.8660
 9568.700      0.7113     0.8667
 9568.800      0.5910     0.8674
 9568.900      0.4272     0.8680
 9569.000      0.2693     0.8686
 9569.100      0.1374     0.8692
 9569.200      0.0879     0.8698
 9569.300      0.1352     0.8704
 9569.400      0.2646     0.8710
 9569.500      0.4402     0.8715
 9569.600      0.6157     0.8717
 9569.700      0.7467     0.8714
 9569.800      0.8362     0.8708
 9569.900      0.8907     0.8707
 9570.000      0.9198     0.8718
 9570.100      0.9359     0.8734
 9570.200      0.9462     0.8748
 9570.300      0.9547     0.8758
 9570.400      0.9602     0.8764
 9570.500      0.9613     0.8769
 9570.600      0.9594     0.8773
 9570.700      0.9540     0.8779
 9570.800      0.9428     0.8786
 9570.900      0.9133     0.8794
 9571.000      0.8474     0.8800
 9571.100      0.7275     0.8806
 9571.200      0.6003     0.8811
 9571.300      0.4717     0.8817
 9571.400      0.3817     0.8824
 9571.500      0.3668     0.8830
 9571.600      0.4492     0.8836
 9571.700      0.5948     0.8842
 9571.800      0.7539     0.8847
 9571.900      0.8682     0.8853
 9572.000      0.9373     0.8858
 9572.100      0.9680     0.8864
 9572.200      0.9762     0.8868
 9572.300      0.9764     0.8868
 9572.400      0.9716     0.8862
 9572.500      0.9549     0.8853
 9572.600      0.9145     0.8851
 9572.700      0.8349     0.8864
 9572.800      0.7624     0.8883
 9572.900      0.7167     0.8899
 9573.000      0.7532     0.8908
 9573.100      0.7917     0.8914
 9573.200      0.8139     0.8919
 9573.300      0.7804     0.8924
 9573.400      0.7282     0.8928
 9573.500      0.6729     0.8933
 9573.600      0.5957     0.8937
 9573.700      0.5074     0.8942
 9573.800      0.4200     0.8947
 9573.900      0.3839     0.8952
 9574.000      0.4625     0.8957
 9574.100      0.6162     0.8960
 9574.200      0.7665     0.8963
 9574.300      0.8689     0.8967
 9574.400      0.9247     0.8973
 9574.500      0.9536     0.8979
 9574.600      0.9703     0.8984
 9574.700      0.9795     0.8989
 9574.800      0.9820     0.8993
 9574.900      0.9743     0.8997
 9575.000      0.9591     0.9004
 9575.100      0.9361     0.9011
 9575.200      0.8939     0.9017
 9575.300      0.8511     0.9022
 9575.400      0.8380     0.9026
 9575.500      0.8705     0.9031
 9575.600      0.9191     0.9035
 9575.700      0.9550     0.9039
 9575.800      0.9785     0.9042
 9575.900      0.9910     0.9045
 9576.000      0.9948     0.9049
 9576.100      0.9980     0.9054
 9576.200      1.0012     0.9059
 9576.300      1.0016     0.9062
 9576.400      0.9969     0.9064
 9576.500      0.9870     0.9065
 9576.600      0.9803     0.9067
 9576.700      0.9785     0.9072
 9576.800      0.9793     0.9079
 9576.900      0.9798     0.9086
 9577.000      0.9795     0.9092
 9577.100      0.9815     0.9097
 9577.200      0.9870     0.9101
 9577.300      0.9957     0.9105
 9577.400      1.0042     0.9109
 9577.500      1.0111     0.9113
 9577.600      1.0092     0.9117
 9577.700      1.0040     0.9121
 9577.800      0.9951     0.9125
 9577.900      0.9744     0.9129
 9578.000      0.9340     0.9133
 9578.100      0.8769     0.9137
 9578.200      0.8395     0.9140
 9578.300      0.8431     0.9143
 9578.400      0.8951     0.9146
 9578.500      0.9445     0.9150
 9578.600      0.9845     0.9154
 9578.700      0.9994     0.9159
 9578.800      0.9996     0.9164
 9578.900      0.9934     0.9169
 9579.000      0.9865     0.9174
 9579.100      0.9766     0.9178
 9579.200      0.9474     0.9182
 9579.300      0.8828     0.9186
 9579.400      0.7955     0.9190
 9579.500      0.7007     0.9194
 9579.600      0.6487     0.9197
 9579.700      0.6899     0.9201
 9579.800      0.7923     0.9204
 9579.900      0.8918     0.9208
 9580.000      0.9555     0.9211
 9580.100      0.9827     0.9215
 9580.200      0.9931     0.9218
 9580.300      0.9977     0.9220
 9580.400      1.0031     0.9223
 9580.500      1.0092     0.9225
 9580.600      1.0098     0.9228
 9580.700      1.0083     0.9232
 9580.800      1.0060     0.9236
 9580.900      1.0031     0.9241
 9581.000      0.9991     0.9245
 9581.100      0.9939     0.9248
 9581.200      0.9894     0.9252
 9581.300      0.9847     0.9255
 9581.400      0.9646     0.9258
 9581.500      0.9297     0.9262
 9581.600      0.8792     0.9265
 9581.700      0.8109     0.9268
 9581.800      0.7517     0.9271
 9581.900      0.7249     0.9274
 9582.000      0.7082     0.9278
 9582.100      0.6815     0.9281
 9582.200      0.5673     0.9284
 9582.300      0.4290     0.9287
 9582.400      0.2859     0.9290
 9582.500      0.2205     0.9293
 9582.600      0.2244     0.9296
 9582.700      0.2905     0.9299
 9582.800      0.4165     0.9302
 9582.900      0.5478     0.9305
 9583.000      0.6599     0.9308
 9583.100      0.7258     0.9312
 9583.200      0.7236     0.9315
 9583.300      0.6523     0.9318
 9583.400      0.5160     0.9321
 9583.500      0.3549     0.9325
 9583.600      0.2312     0.9329
 9583.700      0.1908     0.9333
 9583.800      0.2647     0.9337
 9583.900      0.3956     0.9340
 9584.000      0.5234     0.9343
 9584.100      0.5498     0.9346
 9584.200      0.5060     0.9349
 9584.300      0.4416     0.9351
 9584.400      0.4678     0.9354
 9584.500      0.5671     0.9355
 9584.600      0.7005     0.9355
 9584.700      0.8079     0.9354
 9584.800      0.8787     0.9354
 9584.900      0.9167     0.9358
 9585.000      0.9391     0.9364
 9585.100      0.9564     0.9370
 9585.200      0.9722     0.9374
 9585.300      0.9858     0.9378
 9585.400      0.9961     0.9381
 9585.500      0.9929     0.9384
 9585.600      0.9892     0.9385
 9585.700      0.9878     0.9386
 9585.800      0.9850     0.9386
 9585.900      0.9757     0.9387
 9586.000      0.9494     0.9390
 9586.100      0.9279     0.9395
 9586.200      0.9211     0.9401
 9586.300      0.9464     0.9404
 9586.400      0.9708     0.9407
 9586.500      0.9890     0.9410
 9586.600      1.0006     0.9412
 9586.700      1.0060     0.9415
 9586.800      1.0059     0.9417
 9586.900      1.0000     0.9420
 9587.000      0.9873     0.9422
 9587.100      0.9655     0.9425
 9587.200      0.9455     0.9427
 9587.300      0.9334     0.9429
 9587.400      0.9481     0.9432
 9587.500      0.9716     0.9434
 9587.600      0.9973     0.9437
 9587.700      1.0104     0.9439
 9587.800      1.0074     0.9441
 9587.900      0.9923     0.9443
 9588.000      0.9650     0.9445
 9588.100      0.9245     0.9448
 9588.200      0.8642     0.9450
 9588.300      0.8035     0.9453
 9588.400      0.7428     0.9455
 9588.500      0.7277     0.9458
 9588.600      0.7654     0.9462
 9588.700      0.8358     0.9465
 9588.800      0.8883     0.9469
 9588.900      0.9167     0.9471
 9589.000      0.9303     0.9474
 9589.100      0.9402     0.9476
 9589.200      0.9460     0.9478
 9589.300      0.9223     0.9480
 9589.400      0.8478     0.9482
 9589.500      0.7322     0.9484
 9589.600      0.6297     0.9486
 9589.700      0.5764     0.9487
 9589.800      0.6432     0.9489
 9589.900      0.7463     0.9491
 9590.000      0.8560     0.9494
 9590.100      0.9184     0.9497
 9590.200      0.9507     0.9499
 9590.300      0.9614     0.9500
 9590.400      0.9594     0.9502
 9590.500      0.9422     0.9504
 9590.600      0.9027     0.9506
 9590.700      0.8202     0.9507
 9590.800      0.7036     0.9505
 9590.900      0.5685     0.9500
 9591.000      0.4482     0.9499
 9591.100      0.3735     0.9504
 9591.200      0.3687     0.9512
 9591.300      0.3683     0.9518
 9591.400      0.3614     0.9521
 9591.500      0.3089     0.9521
 9591.600      0.2503     0.9520
 9591.700      0.2646     0.9520
 9591.800      0.3441     0.9522
 9591.900      0.4439     0.9522
 9592.000      0.5040     0.9516
 9592.100      0.5644     0.9504
 9592.200      0.6257     0.9495
 9592.300      0.6863     0.9502
 9592.400      0.7261     0.9520
 9592.500      0.6720     0.9535
 9592.600      0.5524     0.9543
 9592.700      0.4260     0.9546
 9592.800      0.4133     0.9548
 9592.900      0.5097     0.9549
 9593.000      0.6512     0.9547
 9593.100      0.7753     0.9543
 9593.200      0.8619     0.9536
 9593.300      0.8820     0.9529
 9593.400      0.8481     0.9527
 9593.500      0.7547     0.9533
 9593.600      0.6080     0.9543
 9593.700      0.4771     0.9555
 9593.800      0.3981     0.9563
 9593.900      0.4715     0.9568
 9594.000      0.5714     0.9571
 9594.100      0.6777     0.9574
 9594.200      0.6980     0.9576
 9594.300      0.6447     0.9579
 9594.400      0.5565     0.9582
 9594.500      0.5154     0.9584
 9594.600      0.5232     0.9585
 9594.700      0.5526     0.9587
 9594.800      0.5239     0.9588
 9594.900      0.4370     0.9590
 9595.000      0.3519     0.9591
 9595.100      0.3142     0.9592
 9595.200      0.4055     0.9592
 9595.300      0.5557     0.9591
 9595.400      0.7070     0.9586
 9595.500      0.8087     0.9580
 9595.600      0.8665     0.9576
 9595.700      0.8971     0.9579
 9595.800      0.9158     0.9587
 9595.900      0.9251     0.9596
 9596.000      0.9274     0.9603
 9596.100      0.9249     0.9607
 9596.200      0.9146     0.9610
 9596.300      0.8876     0.9612
 9596.400      0.8221     0.9614
 9596.500      0.7211     0.9615
 9596.600      0.5983     0.9617
 9596.700      0.5176     0.9618
 9596.800      0.5243     0.9620
 9596.900      0.5992     0.9621
 9597.000      0.6565     0.9623
 9597.100      0.6463     0.9624
 9597.200      0.5916     0.9626
 9597.300      0.5398     0.9627
 9597.400      0.5585     0.9629
 9597.500      0.6395     0.9630
 9597.600      0.7386     0.9630
 9597.700      0.8263     0.9631
 9597.800      0.8869     0.9631
 9597.900      0.9152     0.9633
 9598.000      0.9289     0.9635
 9598.100      0.9409     0.9638
 9598.200      0.9525     0.9640
 9598.300      0.9615     0.9641
 9598.400      0.9649     0.9641
 9598.500      0.9580     0.9637
 9598.600      0.9375     0.9627
 9598.700      0.9006     0.9614
 9598.800      0.8433     0.9609
 9598.900      0.7902     0.9611
 9599.000      0.7648     0.9609
 9599.100      0.7896     0.9595
 9599.200      0.8324     0.9584
 9599.300      0.8786     0.9594
 9599.400      0.9153     0.9619
 9599.500      0.9356     0.9641
 9599.600      0.9451     0.9652
 9599.700      0.9394     0.9658
 9599.800      0.9086     0.9661
 9599.900      0.8220     0.9663
 9600.000      0.7141     0.9666
 9600.100      0.6003     0.9668
 9600.200      0.5444     0.9670
 9600.300      0.5348     0.9671
 9600.400      0.5379     0.9672
 9600.500      0.5623     0.9673
 9600.600      0.6130     0.9675
 9600.700      0.7014     0.9676
 9600.800      0.7868     0.9677
 9600.900      0.8447     0.9678
 9601.000      0.8550     0.9679
 9601.100      0.7956     0.9679
 9601.200      0.6710     0.9679
 9601.300      0.5482     0.9677
 9601.400      0.4359     0.9674
 9601.500      0.4649     0.9673
 9601.600      0.5701     0.9673
 9601.700      0.7022     0.9674
 9601.800      0.7886     0.9677
 9601.900      0.8243     0.9681
 9602.000      0.8297     0.9684
 9602.100      0.8435     0.9687
 9602.200      0.8686     0.9689
 9602.300      0.9012     0.9690
 9602.400      0.9311     0.9687
 9602.500      0.9521     0.9665
 9602.600      0.9577     0.9567
 9602.700      0.9471     0.9280
 9602.800      0.9254     0.8722
 9602.900      0.8997     0.8028
 9603.000      0.8756     0.7575
 9603.100      0.8685     0.7670
 9603.200      0.8837     0.8247
 9603.300      0.9060     0.8933
 9603.400      0.9062     0.9408
 9603.500      0.8703     0.9623
 9603.600      0.8122     0.9689
 9603.700      0.7818     0.9704
 9603.800      0.7990     0.9707
 9603.900      0.8563     0.9708
 9604.000      0.9079     0.9708
 9604.100      0.9479     0.9707
 9604.200      0.9723     0.9706
 9604.300      0.9849     0.9705
 9604.400      0.9935     0.9708
 9604.500      1.0020     0.9712
 9604.600      1.0088     0.9715
 9604.700      1.0106     0.9718
 9604.800      1.0058     0.9719
 9604.900      1.0005     0.9720
 9605.000      0.9985     0.9722
 9605.100      0.9992     0.9723
 9605.200      1.0024     0.9724
 9605.300      1.0084     0.9724
 9605.400      1.0097     0.9725
 9605.500      0.9964     0.9726
 9605.600      0.9667     0.9727
 9605.700      0.9295     0.9727
 9605.800      0.8895     0.9726
 9605.900      0.8547     0.9726
 9606.000      0.8351     0.9727
 9606.100      0.8477     0.9728
 9606.200      0.8754     0.9729
 9606.300      0.9068     0.9728
 9606.400      0.9270     0.9727
 9606.500      0.9342     0.9723
 9606.600      0.9244     0.9718
 9606.700      0.8967     0.9710
 9606.800      0.8323     0.9701
 9606.900      0.7200     0.9698
 9607.000      0.6093     0.9703
 9607.100      0.5098     0.9713
 9607.200      0.5121     0.9723
 9607.300      0.5131     0.9731
 9607.400      0.5056     0.9737
 9607.500      0.4112     0.9740
 9607.600      0.3108     0.9743
 9607.700      0.2531     0.9745
 9607.800      0.2996     0.9747
 9607.900      0.4256     0.9749
 9608.000      0.5871     0.9750
 9608.100      0.7305     0.9752
 9608.200      0.8245     0.9753
 9608.300      0.8594     0.9754
 9608.400      0.8234     0.9755
 9608.500      0.7353     0.9756
 9608.600      0.6285     0.9756
 9608.700      0.5388     0.9757
 9608.800      0.5588     0.9757
 9608.900      0.6574     0.9756
 9609.000      0.7736     0.9756
 9609.100      0.8588     0.9758
 9609.200      0.9104     0.9760
 9609.300      0.9388     0.9763
 9609.400      0.9598     0.9764
 9609.500      0.9759     0.9765
 9609.600      0.9874     0.9765
 9609.700      0.9890     0.9760
 9609.800      0.9882     0.9749
 9609.900      0.9883     0.9732
 9610.000      0.9811     0.9719
 9610.100      0.9526     0.9719
 9610.200      0.8882     0.9731
 9610.300      0.8140     0.9749
 9610.400      0.7373     0.9763
 9610.500      0.6807     0.9771
 9610.600      0.6486     0.9774
 9610.700      0.6406     0.9775
 9610.800      0.6736     0.9776
 9610.900      0.7394     0.9777
 9611.000      0.8250     0.9778
 9611.100      0.9010     0.9779
 9611.200      0.9496     0.9781
 9611.300      0.9694     0.9782
 9611.400      0.9760     0.9783
 9611.500      0.9779     0.9783
 9611.600      0.9801     0.9784
 9611.700      0.9814     0.9784
 9611.800      0.9753     0.9785
 9611.900      0.9675     0.9785
 9612.000      0.9577     0.9785
 9612.100      0.9380     0.9786
 9612.200      0.8979     0.9787
 9612.300      0.8173     0.9788
 9612.400      0.6701     0.9789
 9612.500      0.5210     0.9790
 9612.600      0.4459     0.9790
 9612.700      0.5005     0.9791
 9612.800      0.6099     0.9791
 9612.900      0.7255     0.9792
 9613.000      0.8058     0.9793
 9613.100      0.8339     0.9794
 9613.200      0.8480     0.9795
 9613.300      0.8706     0.9796
 9613.400      0.9132     0.9796
 9613.500      0.9527     0.9797
 9613.600      0.9835     0.9798
 9613.700      0.9974     0.9798
 9613.800      1.0046     0.9799
 9613.900      1.0075     0.9800
 9614.000      1.0061     0.9800
 9614.100      1.0057     0.9801
 9614.200      1.0086     0.9802
 9614.300      1.0134     0.9802
 9614.400      1.0171     0.9803
 9614.500      1.0164     0.9804
 9614.600      1.0162     0.9804
 9614.700      1.0157     0.9805
 9614.800      1.0080     0.9806
 9614.900      1.0007     0.9806
 9615.000      0.9953     0.9807
 9615.100      0.9946     0.9807
 9615.200      0.9976     0.9808
 9615.300      1.0024     0.9809
 9615.400      1.0059     0.9809
 9615.500      1.0068     0.9810
 9615.600      1.0051     0.9810
 9615.700      1.0052     0.9811
 9615.800      1.0066     0.9812
 9615.900      1.0047     0.9813
 9616.000      1.0002     0.9814
 9616.100      0.9918     0.9814
 9616.200      0.9749     0.9815
 9616.300      0.9331     0.9815
 9616.400      0.8548     0.9814
 9616.500      0.7815     0.9811
 9616.600      0.7300     0.9804
 9616.700      0.7637     0.9800
 9616.800      0.8212     0.9801
 9616.900      0.8842     0.9809
 9617.000      0.9201     0.9815
 9617.100      0.9185     0.9819
 9617.200      0.8630     0.9821
 9617.300      0.7205     0.9821
 9617.400      0.5609     0.9822
 9617.500      0.4321     0.9822
 9617.600      0.3991     0.9823
 9617.700      0.4241     0.9823
 9617.800      0.4534     0.9824
 9617.900      0.4771     0.9824
 9618.000      0.4926     0.9824
 9618.100      0.5758     0.9825
 9618.200      0.6905     0.9824
 9618.300      0.8125     0.9818
 9618.400      0.9069     0.9804
 9618.500      0.9573     0.9783
 9618.600      0.9726     0.9772
 9618.700      0.9784     0.9782
 9618.800      0.9823     0.9804
 9618.900      0.9886     0.9820
 9619.000      0.9965     0.9828
 9619.100      1.0038     0.9830
 9619.200      1.0110     0.9831
 9619.300      1.0183     0.9832
 9619.400      1.0255     0.9832
 9619.500      1.0328     1.0000
 9619.600      1.0400     1.0000
 9619.700      1.0473     1.0000
 9619.800      1.0545     1.0000
 9619.900      1.0618     1.0000
 9620.000      1.0690     1.0000
