# t09572g430x+000m0                                           
# 90839302.kgf                                                
# data\m61.fits                                               
# xmin,xmax,dshft,yshift,fz:   8973.50   9411.50   0.00000   0.00000   1.00000
# vw,rp,ifabs:   0.0    28300.   0
#                                                                     
# wave(A)   obs.spec.  the.spec.  overplot1  overplot2  overplot3  overplot4
 9083.000      0.7036     1.0000
 9083.100      0.7234     1.0000
 9083.200      0.7432     1.0000
 9083.300      0.7630     1.0000
 9083.400      0.7828     1.0000
 9083.500      0.8026     1.0000
 9083.600      0.8224     0.9767
 9083.700      0.8422     0.9767
 9083.800      0.8620     0.9768
 9083.900      0.8818     0.9769
 9084.000      0.9016     0.9769
 9084.100      0.9214     0.9770
 9084.200      0.9412     0.9771
 9084.300      0.9610     0.9772
 9084.400      0.9805     0.9773
 9084.500      0.9905     0.9774
 9084.600      0.9978     0.9774
 9084.700      0.9985     0.9774
 9084.800      0.9931     0.9774
 9084.900      0.9901     0.9774
 9085.000      0.9918     0.9776
 9085.100      0.9950     0.9777
 9085.200      0.9985     0.9777
 9085.300      1.0021     0.9778
 9085.400      1.0034     0.9779
 9085.500      1.0024     0.9779
 9085.600      1.0002     0.9780
 9085.700      1.0006     0.9780
 9085.800      1.0023     0.9781
 9085.900      1.0045     0.9781
 9086.000      1.0088     0.9782
 9086.100      1.0137     0.9782
 9086.200      1.0173     0.9782
 9086.300      1.0143     0.9782
 9086.400      1.0103     0.9783
 9086.500      1.0161     0.9783
 9086.600      1.0197     0.9784
 9086.700      1.0185     0.9784
 9086.800      1.0126     0.9784
 9086.900      1.0067     0.9783
 9087.000      1.0013     0.9781
 9087.100      1.0030     0.9781
 9087.200      1.0007     0.9782
 9087.300      0.9922     0.9784
 9087.400      0.9824     0.9785
 9087.500      0.9683     0.9784
 9087.600      0.9478     0.9783
 9087.700      0.9214     0.9781
 9087.800      0.9044     0.9777
 9087.900      0.9166     0.9762
 9088.000      0.9497     0.9695
 9088.100      0.9774     0.9463
 9088.200      0.9832     0.8908
 9088.300      0.9813     0.8025
 9088.400      0.9718     0.7133
 9088.500      0.9512     0.6700
 9088.600      0.9058     0.6973
 9088.700      0.8186     0.7798
 9088.800      0.6922     0.8727
 9088.900      0.5901     0.9372
 9089.000      0.5266     0.9666
 9089.100      0.4901     0.9756
 9089.200      0.4151     0.9770
 9089.300      0.3210     0.9764
 9089.400      0.3150     0.9760
 9089.500      0.4358     0.9768
 9089.600      0.6071     0.9782
 9089.700      0.7704     0.9792
 9089.800      0.8886     0.9796
 9089.900      0.9429     0.9798
 9090.000      0.9656     0.9799
 9090.100      0.9801     0.9800
 9090.200      0.9908     0.9800
 9090.300      0.9990     0.9801
 9090.400      1.0027     0.9801
 9090.500      1.0022     0.9802
 9090.600      0.9998     0.9802
 9090.700      0.9984     0.9802
 9090.800      0.9993     0.9802
 9090.900      0.9992     0.9803
 9091.000      0.9943     0.9804
 9091.100      0.9820     0.9805
 9091.200      0.9714     0.9805
 9091.300      0.9639     0.9805
 9091.400      0.9588     0.9806
 9091.500      0.9507     0.9806
 9091.600      0.9416     0.9806
 9091.700      0.9335     0.9806
 9091.800      0.9219     0.9807
 9091.900      0.8972     0.9807
 9092.000      0.8437     0.9808
 9092.100      0.7927     0.9808
 9092.200      0.7544     0.9808
 9092.300      0.7804     0.9808
 9092.400      0.8118     0.9808
 9092.500      0.8441     0.9808
 9092.600      0.8370     0.9807
 9092.700      0.8389     0.9802
 9092.800      0.8677     0.9793
 9092.900      0.9219     0.9786
 9093.000      0.9718     0.9787
 9093.100      1.0015     0.9795
 9093.200      1.0083     0.9803
 9093.300      1.0116     0.9807
 9093.400      1.0139     0.9807
 9093.500      1.0120     0.9806
 9093.600      1.0100     0.9804
 9093.700      1.0102     0.9802
 9093.800      1.0113     0.9799
 9093.900      1.0113     0.9794
 9094.000      1.0070     0.9787
 9094.100      1.0046     0.9775
 9094.200      1.0029     0.9743
 9094.300      0.9964     0.9637
 9094.400      0.9838     0.9321
 9094.500      0.9555     0.8636
 9094.600      0.8865     0.7620
 9094.700      0.7922     0.6632
 9094.800      0.6949     0.6088
 9094.900      0.7034     0.6176
 9095.000      0.7791     0.6837
 9095.100      0.8757     0.7813
 9095.200      0.9410     0.8735
 9095.300      0.9772     0.9349
 9095.400      0.9917     0.9643
 9095.500      0.9952     0.9750
 9095.600      0.9918     0.9783
 9095.700      0.9805     0.9796
 9095.800      0.9422     0.9802
 9095.900      0.8634     0.9807
 9096.000      0.7574     0.9811
 9096.100      0.6833     0.9813
 9096.200      0.6878     0.9816
 9096.300      0.7764     0.9817
 9096.400      0.8727     0.9819
 9096.500      0.9551     0.9820
 9096.600      0.9751     0.9821
 9096.700      0.9755     0.9822
 9096.800      0.9744     0.9823
 9096.900      0.9783     0.9824
 9097.000      0.9783     0.9824
 9097.100      0.9657     0.9825
 9097.200      0.9290     0.9826
 9097.300      0.8856     0.9826
 9097.400      0.8371     0.9827
 9097.500      0.7817     0.9827
 9097.600      0.7317     0.9828
 9097.700      0.7030     0.9828
 9097.800      0.7354     0.9828
 9097.900      0.7896     0.9829
 9098.000      0.8495     0.9829
 9098.100      0.8734     0.9830
 9098.200      0.8811     0.9830
 9098.300      0.8843     0.9829
 9098.400      0.8889     0.9826
 9098.500      0.8919     0.9823
 9098.600      0.8913     0.9822
 9098.700      0.8945     0.9823
 9098.800      0.9028     0.9824
 9098.900      0.9152     0.9820
 9099.000      0.9290     0.9814
 9099.100      0.9441     0.9811
 9099.200      0.9605     0.9816
 9099.300      0.9797     0.9824
 9099.400      0.9979     0.9830
 9099.500      1.0036     0.9833
 9099.600      1.0023     0.9834
 9099.700      0.9980     0.9834
 9099.800      0.9928     0.9834
 9099.900      0.9876     0.9834
 9100.000      0.9828     0.9835
 9100.100      0.9814     0.9834
 9100.200      0.9790     0.9834
 9100.300      0.9726     0.9832
 9100.400      0.9563     0.9829
 9100.500      0.9248     0.9827
 9100.600      0.8816     0.9826
 9100.700      0.8340     0.9827
 9100.800      0.8040     0.9830
 9100.900      0.8222     0.9832
 9101.000      0.8758     0.9833
 9101.100      0.9276     0.9832
 9101.200      0.9608     0.9828
 9101.300      0.9725     0.9821
 9101.400      0.9715     0.9811
 9101.500      0.9620     0.9802
 9101.600      0.9417     0.9794
 9101.700      0.9016     0.9785
 9101.800      0.8223     0.9780
 9101.900      0.6774     0.9780
 9102.000      0.5201     0.9787
 9102.100      0.4155     0.9797
 9102.200      0.4300     0.9809
 9102.300      0.5353     0.9820
 9102.400      0.6743     0.9827
 9102.500      0.7703     0.9832
 9102.600      0.7754     0.9835
 9102.700      0.6946     0.9836
 9102.800      0.6216     0.9837
 9102.900      0.5821     0.9835
 9103.000      0.6770     0.9830
 9103.100      0.7847     0.9823
 9103.200      0.8947     0.9819
 9103.300      0.9457     0.9820
 9103.400      0.9683     0.9825
 9103.500      0.9774     0.9831
 9103.600      0.9779     0.9836
 9103.700      0.9749     0.9840
 9103.800      0.9708     0.9841
 9103.900      0.9692     0.9841
 9104.000      0.9734     0.9839
 9104.100      0.9833     0.9839
 9104.200      0.9939     0.9840
 9104.300      1.0027     0.9842
 9104.400      1.0047     0.9843
 9104.500      1.0053     0.9844
 9104.600      1.0063     0.9844
 9104.700      1.0099     0.9845
 9104.800      1.0120     0.9846
 9104.900      1.0110     0.9847
 9105.000      1.0075     0.9847
 9105.100      1.0038     0.9848
 9105.200      1.0001     0.9847
 9105.300      0.9988     0.9846
 9105.400      1.0012     0.9843
 9105.500      1.0051     0.9838
 9105.600      1.0088     0.9835
 9105.700      1.0095     0.9836
 9105.800      1.0046     0.9841
 9105.900      0.9965     0.9846
 9106.000      0.9917     0.9847
 9106.100      0.9939     0.9845
 9106.200      0.9987     0.9841
 9106.300      1.0012     0.9836
 9106.400      0.9993     0.9837
 9106.500      0.9977     0.9842
 9106.600      0.9979     0.9847
 9106.700      1.0001     0.9850
 9106.800      1.0009     0.9851
 9106.900      0.9989     0.9851
 9107.000      0.9928     0.9851
 9107.100      0.9820     0.9851
 9107.200      0.9664     0.9851
 9107.300      0.9447     0.9852
 9107.400      0.8983     0.9852
 9107.500      0.8007     0.9852
 9107.600      0.6392     0.9851
 9107.700      0.5088     0.9851
 9107.800      0.4718     0.9851
 9107.900      0.5968     0.9852
 9108.000      0.7385     0.9852
 9108.100      0.8820     0.9853
 9108.200      0.9423     0.9853
 9108.300      0.9415     0.9853
 9108.400      0.9106     0.9853
 9108.500      0.8713     0.9852
 9108.600      0.8515     0.9851
 9108.700      0.8717     0.9850
 9108.800      0.9076     0.9847
 9108.900      0.9306     0.9844
 9109.000      0.9113     0.9840
 9109.100      0.8628     0.9838
 9109.200      0.8127     0.9841
 9109.300      0.7693     0.9847
 9109.400      0.7358     0.9852
 9109.500      0.7050     0.9854
 9109.600      0.6749     0.9854
 9109.700      0.6558     0.9854
 9109.800      0.6744     0.9854
 9109.900      0.7551     0.9854
 9110.000      0.8326     0.9854
 9110.100      0.8921     0.9854
 9110.200      0.8846     0.9854
 9110.300      0.8538     0.9854
 9110.400      0.8106     0.9853
 9110.500      0.7585     0.9853
 9110.600      0.7096     0.9852
 9110.700      0.6760     0.9851
 9110.800      0.7233     0.9850
 9110.900      0.8093     0.9849
 9111.000      0.9064     0.9846
 9111.100      0.9635     0.9840
 9111.200      0.9901     0.9820
 9111.300      1.0005     0.9738
 9111.400      1.0064     0.9469
 9111.500      1.0076     0.8852
 9111.600      1.0062     0.7912
 9111.700      1.0044     0.7005
 9111.800      1.0035     0.6595
 9111.900      1.0049     0.6898
 9112.000      1.0047     0.7747
 9112.100      1.0041     0.8697
 9112.200      1.0037     0.9363
 9112.300      1.0046     0.9681
 9112.400      1.0059     0.9795
 9112.500      1.0049     0.9832
 9112.600      0.9943     0.9844
 9112.700      0.9800     0.9848
 9112.800      0.9700     0.9848
 9112.900      0.9731     0.9847
 9113.000      0.9822     0.9848
 9113.100      0.9904     0.9851
 9113.200      0.9960     0.9854
 9113.300      0.9983     0.9856
 9113.400      0.9989     0.9857
 9113.500      0.9952     0.9857
 9113.600      0.9891     0.9858
 9113.700      0.9870     0.9857
 9113.800      0.9908     0.9856
 9113.900      0.9981     0.9854
 9114.000      1.0008     0.9850
 9114.100      0.9963     0.9849
 9114.200      0.9859     0.9851
 9114.300      0.9734     0.9853
 9114.400      0.9631     0.9853
 9114.500      0.9580     0.9853
 9114.600      0.9480     0.9854
 9114.700      0.9369     0.9857
 9114.800      0.9280     0.9859
 9114.900      0.9249     0.9860
 9115.000      0.9213     0.9860
 9115.100      0.9069     0.9860
 9115.200      0.8879     0.9860
 9115.300      0.8706     0.9860
 9115.400      0.8757     0.9861
 9115.500      0.8947     0.9861
 9115.600      0.9165     0.9861
 9115.700      0.9309     0.9861
 9115.800      0.9419     0.9861
 9115.900      0.9521     0.9861
 9116.000      0.9653     0.9861
 9116.100      0.9762     0.9861
 9116.200      0.9828     0.9861
 9116.300      0.9866     0.9859
 9116.400      0.9903     0.9851
 9116.500      0.9938     0.9828
 9116.600      0.9881     0.9790
 9116.700      0.9824     0.9757
 9116.800      0.9814     0.9752
 9116.900      0.9899     0.9769
 9117.000      0.9988     0.9786
 9117.100      1.0036     0.9798
 9117.200      1.0036     0.9816
 9117.300      0.9986     0.9836
 9117.400      0.9907     0.9850
 9117.500      0.9862     0.9857
 9117.600      0.9823     0.9860
 9117.700      0.9686     0.9861
 9117.800      0.9256     0.9861
 9117.900      0.8732     0.9862
 9118.000      0.8409     0.9862
 9118.100      0.8589     0.9862
 9118.200      0.9017     0.9862
 9118.300      0.9465     0.9861
 9118.400      0.9748     0.9861
 9118.500      0.9813     0.9860
 9118.600      0.9795     0.9855
 9118.700      0.9770     0.9844
 9118.800      0.9739     0.9831
 9118.900      0.9691     0.9826
 9119.000      0.9539     0.9836
 9119.100      0.9220     0.9850
 9119.200      0.8816     0.9859
 9119.300      0.8533     0.9862
 9119.400      0.8574     0.9862
 9119.500      0.8776     0.9862
 9119.600      0.8923     0.9862
 9119.700      0.8932     0.9862
 9119.800      0.8972     0.9862
 9119.900      0.9018     0.9862
 9120.000      0.9032     0.9862
 9120.100      0.8581     0.9862
 9120.200      0.7659     0.9862
 9120.300      0.6528     0.9863
 9120.400      0.6059     0.9863
 9120.500      0.6539     0.9863
 9120.600      0.7593     0.9862
 9120.700      0.8394     0.9861
 9120.800      0.8617     0.9857
 9120.900      0.8140     0.9845
 9121.000      0.6880     0.9824
 9121.100      0.5366     0.9806
 9121.200      0.3890     0.9807
 9121.300      0.3125     0.9827
 9121.400      0.3796     0.9847
 9121.500      0.5625     0.9858
 9121.600      0.7323     0.9861
 9121.700      0.8534     0.9861
 9121.800      0.9129     0.9861
 9121.900      0.9443     0.9861
 9122.000      0.9623     0.9860
 9122.100      0.9713     0.9859
 9122.200      0.9751     0.9857
 9122.300      0.9761     0.9853
 9122.400      0.9756     0.9842
 9122.500      0.9760     0.9811
 9122.600      0.9803     0.9719
 9122.700      0.9862     0.9523
 9122.800      0.9918     0.9260
 9122.900      0.9930     0.9106
 9123.000      0.9881     0.9206
 9123.100      0.9819     0.9471
 9123.200      0.9800     0.9699
 9123.300      0.9832     0.9811
 9123.400      0.9877     0.9846
 9123.500      0.9897     0.9855
 9123.600      0.9928     0.9858
 9123.700      0.9983     0.9859
 9123.800      1.0059     0.9860
 9123.900      1.0102     0.9860
 9124.000      1.0099     0.9861
 9124.100      1.0082     0.9861
 9124.200      1.0076     0.9861
 9124.300      1.0083     0.9861
 9124.400      1.0059     0.9861
 9124.500      1.0040     0.9861
 9124.600      1.0042     0.9861
 9124.700      1.0061     0.9861
 9124.800      1.0062     0.9861
 9124.900      1.0025     0.9861
 9125.000      1.0012     0.9861
 9125.100      1.0011     0.9860
 9125.200      1.0012     0.9860
 9125.300      0.9985     0.9860
 9125.400      0.9955     0.9859
 9125.500      0.9955     0.9858
 9125.600      0.9964     0.9857
 9125.700      0.9973     0.9855
 9125.800      0.9959     0.9852
 9125.900      0.9936     0.9846
 9126.000      0.9888     0.9833
 9126.100      0.9733     0.9802
 9126.200      0.9541     0.9743
 9126.300      0.9341     0.9662
 9126.400      0.9145     0.9601
 9126.500      0.8931     0.9604
 9126.600      0.8702     0.9668
 9126.700      0.8681     0.9748
 9126.800      0.8865     0.9805
 9126.900      0.9138     0.9834
 9127.000      0.9200     0.9847
 9127.100      0.9127     0.9852
 9127.200      0.9007     0.9855
 9127.300      0.9153     0.9857
 9127.400      0.9396     0.9858
 9127.500      0.9657     0.9858
 9127.600      0.9800     0.9859
 9127.700      0.9886     0.9859
 9127.800      0.9954     0.9860
 9127.900      1.0007     0.9860
 9128.000      1.0018     0.9860
 9128.100      0.9958     0.9860
 9128.200      0.9948     0.9860
 9128.300      0.9981     0.9860
 9128.400      1.0026     0.9860
 9128.500      1.0053     0.9860
 9128.600      1.0037     0.9860
 9128.700      0.9974     0.9860
 9128.800      0.9912     0.9859
 9128.900      0.9849     0.9858
 9129.000      0.9802     0.9856
 9129.100      0.9779     0.9854
 9129.200      0.9769     0.9854
 9129.300      0.9756     0.9856
 9129.400      0.9727     0.9857
 9129.500      0.9683     0.9858
 9129.600      0.9694     0.9858
 9129.700      0.9706     0.9857
 9129.800      0.9697     0.9855
 9129.900      0.9446     0.9851
 9130.000      0.8914     0.9846
 9130.100      0.8235     0.9844
 9130.200      0.7885     0.9846
 9130.300      0.8070     0.9850
 9130.400      0.8641     0.9854
 9130.500      0.8951     0.9856
 9130.600      0.8854     0.9857
 9130.700      0.8390     0.9858
 9130.800      0.7701     0.9858
 9130.900      0.7029     0.9858
 9131.000      0.6886     0.9858
 9131.100      0.7535     0.9858
 9131.200      0.8428     0.9858
 9131.300      0.9092     0.9858
 9131.400      0.9300     0.9858
 9131.500      0.9224     0.9858
 9131.600      0.9089     0.9858
 9131.700      0.9068     0.9858
 9131.800      0.9150     0.9857
 9131.900      0.8986     0.9851
 9132.000      0.8323     0.9821
 9132.100      0.7349     0.9723
 9132.200      0.6643     0.9529
 9132.300      0.6645     0.9328
 9132.400      0.7208     0.9292
 9132.500      0.7735     0.9458
 9132.600      0.7893     0.9670
 9132.700      0.7063     0.9798
 9132.800      0.5507     0.9843
 9132.900      0.4027     0.9853
 9133.000      0.3493     0.9854
 9133.100      0.4504     0.9855
 9133.200      0.5954     0.9856
 9133.300      0.7457     0.9856
 9133.400      0.8491     0.9856
 9133.500      0.8962     0.9856
 9133.600      0.9130     0.9856
 9133.700      0.9228     0.9856
 9133.800      0.9301     0.9856
 9133.900      0.9362     0.9856
 9134.000      0.9437     0.9856
 9134.100      0.9522     0.9856
 9134.200      0.9593     0.9856
 9134.300      0.9635     0.9856
 9134.400      0.9612     0.9856
 9134.500      0.9447     0.9855
 9134.600      0.8963     0.9855
 9134.700      0.8285     0.9855
 9134.800      0.7824     0.9855
 9134.900      0.7900     0.9855
 9135.000      0.8450     0.9855
 9135.100      0.9065     0.9854
 9135.200      0.9546     0.9854
 9135.300      0.9696     0.9854
 9135.400      0.9741     0.9854
 9135.500      0.9771     0.9854
 9135.600      0.9796     0.9854
 9135.700      0.9785     0.9854
 9135.800      0.9759     0.9853
 9135.900      0.9728     0.9853
 9136.000      0.9680     0.9853
 9136.100      0.9627     0.9853
 9136.200      0.9573     0.9853
 9136.300      0.9424     0.9852
 9136.400      0.9014     0.9852
 9136.500      0.8231     0.9850
 9136.600      0.7523     0.9848
 9136.700      0.7127     0.9845
 9136.800      0.7610     0.9844
 9136.900      0.8028     0.9846
 9137.000      0.8223     0.9848
 9137.100      0.7906     0.9850
 9137.200      0.7747     0.9851
 9137.300      0.7913     0.9851
 9137.400      0.8271     0.9851
 9137.500      0.8550     0.9851
 9137.600      0.8702     0.9851
 9137.700      0.8848     0.9850
 9137.800      0.8986     0.9850
 9137.900      0.9102     0.9848
 9138.000      0.8948     0.9848
 9138.100      0.8206     0.9848
 9138.200      0.6947     0.9849
 9138.300      0.5736     0.9849
 9138.400      0.4987     0.9849
 9138.500      0.5344     0.9849
 9138.600      0.5803     0.9849
 9138.700      0.5985     0.9849
 9138.800      0.4906     0.9848
 9138.900      0.3925     0.9848
 9139.000      0.3454     0.9847
 9139.100      0.4420     0.9847
 9139.200      0.5323     0.9847
 9139.300      0.5950     0.9847
 9139.400      0.5753     0.9847
 9139.500      0.5908     0.9847
 9139.600      0.6716     0.9847
 9139.700      0.7961     0.9847
 9139.800      0.8964     0.9847
 9139.900      0.9453     0.9846
 9140.000      0.9634     0.9846
 9140.100      0.9713     0.9845
 9140.200      0.9764     0.9845
 9140.300      0.9812     0.9845
 9140.400      0.9829     0.9845
 9140.500      0.9800     0.9845
 9140.600      0.9793     0.9843
 9140.700      0.9814     0.9840
 9140.800      0.9852     0.9832
 9140.900      0.9874     0.9825
 9141.000      0.9864     0.9824
 9141.100      0.9826     0.9830
 9141.200      0.9805     0.9838
 9141.300      0.9818     0.9842
 9141.400      0.9864     0.9843
 9141.500      0.9904     0.9843
 9141.600      0.9940     0.9843
 9141.700      0.9976     0.9843
 9141.800      0.9980     0.9843
 9141.900      0.9921     0.9843
 9142.000      0.9801     0.9842
 9142.100      0.9708     0.9842
 9142.200      0.9680     0.9842
 9142.300      0.9721     0.9841
 9142.400      0.9760     0.9841
 9142.500      0.9783     0.9840
 9142.600      0.9634     0.9840
 9142.700      0.9367     0.9840
 9142.800      0.9057     0.9840
 9142.900      0.9052     0.9840
 9143.000      0.9252     0.9840
 9143.100      0.9526     0.9840
 9143.200      0.9606     0.9839
 9143.300      0.9528     0.9839
 9143.400      0.9390     0.9839
 9143.500      0.9389     0.9839
 9143.600      0.9499     0.9838
 9143.700      0.9647     0.9838
 9143.800      0.9740     0.9838
 9143.900      0.9813     0.9838
 9144.000      0.9886     0.9837
 9144.100      0.9955     0.9837
 9144.200      1.0010     0.9837
 9144.300      1.0030     0.9836
 9144.400      1.0023     0.9836
 9144.500      1.0011     0.9835
 9144.600      1.0008     0.9835
 9144.700      0.9974     0.9835
 9144.800      0.9843     0.9835
 9144.900      0.9545     0.9835
 9145.000      0.9300     0.9835
 9145.100      0.9229     0.9834
 9145.200      0.9458     0.9834
 9145.300      0.9674     0.9834
 9145.400      0.9790     0.9834
 9145.500      0.9652     0.9833
 9145.600      0.9444     0.9833
 9145.700      0.9222     0.9833
 9145.800      0.9121     0.9832
 9145.900      0.9175     0.9831
 9146.000      0.9321     0.9830
 9146.100      0.9474     0.9828
 9146.200      0.9565     0.9828
 9146.300      0.9380     0.9829
 9146.400      0.9025     0.9828
 9146.500      0.8718     0.9824
 9146.600      0.8776     0.9816
 9146.700      0.8962     0.9811
 9146.800      0.9123     0.9812
 9146.900      0.9022     0.9818
 9147.000      0.9103     0.9825
 9147.100      0.9373     0.9828
 9147.200      0.9699     0.9828
 9147.300      0.9907     0.9827
 9147.400      0.9972     0.9825
 9147.500      0.9996     0.9820
 9147.600      1.0007     0.9812
 9147.700      1.0003     0.9806
 9147.800      0.9892     0.9801
 9147.900      0.9784     0.9797
 9148.000      0.9711     0.9800
 9148.100      0.9751     0.9809
 9148.200      0.9799     0.9818
 9148.300      0.9838     0.9822
 9148.400      0.9742     0.9823
 9148.500      0.9645     0.9823
 9148.600      0.9640     0.9822
 9148.700      0.9754     0.9822
 9148.800      0.9882     0.9822
 9148.900      0.9970     0.9822
 9149.000      0.9961     0.9822
 9149.100      0.9895     0.9822
 9149.200      0.9811     0.9821
 9149.300      0.9800     0.9821
 9149.400      0.9835     0.9821
 9149.500      0.9875     0.9821
 9149.600      0.9921     0.9820
 9149.700      0.9974     0.9820
 9149.800      1.0041     0.9819
 9149.900      1.0082     0.9819
 9150.000      1.0073     0.9819
 9150.100      1.0027     0.9818
 9150.200      0.9914     0.9818
 9150.300      0.9768     0.9818
 9150.400      0.9702     0.9817
 9150.500      0.9762     0.9814
 9150.600      0.9893     0.9810
 9150.700      0.9953     0.9806
 9150.800      0.9862     0.9805
 9150.900      0.9653     0.9808
 9151.000      0.9481     0.9811
 9151.100      0.9416     0.9813
 9151.200      0.9510     0.9814
 9151.300      0.9688     0.9814
 9151.400      0.9866     0.9814
 9151.500      0.9995     0.9813
 9151.600      1.0052     0.9813
 9151.700      1.0042     0.9812
 9151.800      0.9992     0.9812
 9151.900      0.9937     0.9812
 9152.000      0.9865     0.9811
 9152.100      0.9645     0.9811
 9152.200      0.9069     0.9811
 9152.300      0.8353     0.9810
 9152.400      0.7765     0.9810
 9152.500      0.7723     0.9809
 9152.600      0.8224     0.9809
 9152.700      0.8914     0.9808
 9152.800      0.9399     0.9808
 9152.900      0.9465     0.9807
 9153.000      0.9231     0.9806
 9153.100      0.9016     0.9805
 9153.200      0.8906     0.9803
 9153.300      0.9056     0.9802
 9153.400      0.9286     0.9801
 9153.500      0.9535     0.9800
 9153.600      0.9658     0.9799
 9153.700      0.9622     0.9798
 9153.800      0.9407     0.9796
 9153.900      0.8936     0.9795
 9154.000      0.8434     0.9796
 9154.100      0.7972     0.9797
 9154.200      0.7802     0.9798
 9154.300      0.7792     0.9799
 9154.400      0.7830     0.9799
 9154.500      0.7965     0.9798
 9154.600      0.8101     0.9798
 9154.700      0.7921     0.9798
 9154.800      0.7103     0.9798
 9154.900      0.6062     0.9797
 9155.000      0.5397     0.9797
 9155.100      0.5472     0.9796
 9155.200      0.5877     0.9796
 9155.300      0.6034     0.9794
 9155.400      0.5619     0.9786
 9155.500      0.4877     0.9759
 9155.600      0.4827     0.9696
 9155.700      0.5759     0.9616
 9155.800      0.7213     0.9582
 9155.900      0.8435     0.9628
 9156.000      0.9229     0.9707
 9156.100      0.9571     0.9763
 9156.200      0.9709     0.9784
 9156.300      0.9717     0.9789
 9156.400      0.9667     0.9790
 9156.500      0.9628     0.9790
 9156.600      0.9617     0.9789
 9156.700      0.9645     0.9789
 9156.800      0.9691     0.9788
 9156.900      0.9735     0.9788
 9157.000      0.9746     0.9787
 9157.100      0.9714     0.9787
 9157.200      0.9625     0.9786
 9157.300      0.9462     0.9785
 9157.400      0.9118     0.9785
 9157.500      0.8411     0.9784
 9157.600      0.7140     0.9783
 9157.700      0.5638     0.9783
 9157.800      0.4106     0.9783
 9157.900      0.3067     0.9782
 9158.000      0.2477     0.9782
 9158.100      0.2452     0.9782
 9158.200      0.3270     0.9781
 9158.300      0.4565     0.9781
 9158.400      0.6006     0.9780
 9158.500      0.6991     0.9779
 9158.600      0.7746     0.9779
 9158.700      0.8364     0.9778
 9158.800      0.8866     0.9778
 9158.900      0.9094     0.9776
 9159.000      0.8916     0.9771
 9159.100      0.8461     0.9761
 9159.200      0.8084     0.9749
 9159.300      0.8198     0.9746
 9159.400      0.8733     0.9752
 9159.500      0.9302     0.9762
 9159.600      0.9658     0.9768
 9159.700      0.9819     0.9770
 9159.800      0.9854     0.9770
 9159.900      0.9830     0.9769
 9160.000      0.9809     0.9769
 9160.100      0.9788     0.9768
 9160.200      0.9762     0.9767
 9160.300      0.9794     0.9767
 9160.400      0.9864     0.9766
 9160.500      0.9876     0.9766
 9160.600      0.9879     0.9765
 9160.700      0.9880     0.9764
 9160.800      0.9919     0.9764
 9160.900      0.9930     0.9763
 9161.000      0.9906     0.9762
 9161.100      0.9893     0.9762
 9161.200      0.9915     0.9761
 9161.300      0.9969     0.9761
 9161.400      0.9997     0.9760
 9161.500      1.0013     0.9759
 9161.600      1.0022     0.9759
 9161.700      1.0000     0.9758
 9161.800      0.9948     0.9757
 9161.900      0.9873     0.9757
 9162.000      0.9767     0.9756
 9162.100      0.9572     0.9755
 9162.200      0.9135     0.9753
 9162.300      0.8466     0.9751
 9162.400      0.7791     0.9750
 9162.500      0.7549     0.9750
 9162.600      0.7985     0.9751
 9162.700      0.8635     0.9751
 9162.800      0.9231     0.9750
 9162.900      0.9509     0.9750
 9163.000      0.9296     0.9749
 9163.100      0.8721     0.9748
 9163.200      0.8165     0.9748
 9163.300      0.7708     0.9747
 9163.400      0.8070     0.9746
 9163.500      0.8720     0.9745
 9163.600      0.9446     0.9745
 9163.700      0.9773     0.9743
 9163.800      0.9937     0.9742
 9163.900      1.0023     0.9739
 9164.000      1.0048     0.9737
 9164.100      1.0027     0.9737
 9164.200      0.9984     0.9737
 9164.300      0.9992     0.9734
 9164.400      0.9994     0.9726
 9164.500      0.9927     0.9717
 9164.600      0.9826     0.9714
 9164.700      0.9675     0.9720
 9164.800      0.9474     0.9728
 9164.900      0.9275     0.9732
 9165.000      0.9113     0.9734
 9165.100      0.9198     0.9733
 9165.200      0.9424     0.9733
 9165.300      0.9669     0.9732
 9165.400      0.9825     0.9731
 9165.500      0.9940     0.9730
 9165.600      1.0004     0.9728
 9165.700      0.9981     0.9726
 9165.800      0.9911     0.9724
 9165.900      0.9793     0.9723
 9166.000      0.9576     0.9723
 9166.100      0.9290     0.9722
 9166.200      0.8982     0.9722
 9166.300      0.8900     0.9721
 9166.400      0.8928     0.9720
 9166.500      0.9009     0.9719
 9166.600      0.9115     0.9719
 9166.700      0.9285     0.9718
 9166.800      0.9508     0.9716
 9166.900      0.9651     0.9714
 9167.000      0.9702     0.9712
 9167.100      0.9704     0.9711
 9167.200      0.9779     0.9711
 9167.300      0.9874     0.9711
 9167.400      0.9955     0.9711
 9167.500      0.9972     0.9710
 9167.600      0.9972     0.9709
 9167.700      0.9989     0.9709
 9167.800      0.9999     0.9708
 9167.900      0.9983     0.9707
 9168.000      0.9920     0.9706
 9168.100      0.9906     0.9705
 9168.200      0.9947     0.9704
 9168.300      1.0007     0.9703
 9168.400      1.0025     0.9702
 9168.500      1.0007     0.9701
 9168.600      1.0001     0.9700
 9168.700      0.9980     0.9699
 9168.800      0.9940     0.9699
 9168.900      0.9923     0.9698
 9169.000      0.9932     0.9697
 9169.100      0.9956     0.9696
 9169.200      0.9938     0.9695
 9169.300      0.9878     0.9693
 9169.400      0.9768     0.9692
 9169.500      0.9534     0.9691
 9169.600      0.9290     0.9690
 9169.700      0.9115     0.9689
 9169.800      0.9171     0.9688
 9169.900      0.9270     0.9687
 9170.000      0.9233     0.9686
 9170.100      0.8601     0.9685
 9170.200      0.7779     0.9685
 9170.300      0.7034     0.9684
 9170.400      0.7128     0.9682
 9170.500      0.7899     0.9680
 9170.600      0.8849     0.9677
 9170.700      0.9466     0.9674
 9170.800      0.9616     0.9672
 9170.900      0.9541     0.9672
 9171.000      0.9258     0.9673
 9171.100      0.8917     0.9674
 9171.200      0.8814     0.9673
 9171.300      0.9020     0.9669
 9171.400      0.9374     0.9656
 9171.500      0.9444     0.9632
 9171.600      0.9241     0.9605
 9171.700      0.8917     0.9598
 9171.800      0.8908     0.9618
 9171.900      0.9189     0.9643
 9172.000      0.9601     0.9658
 9172.100      0.9866     0.9662
 9172.200      0.9985     0.9662
 9172.300      1.0023     0.9660
 9172.400      1.0034     0.9657
 9172.500      1.0032     0.9653
 9172.600      1.0020     0.9648
 9172.700      0.9996     0.9646
 9172.800      0.9926     0.9647
 9172.900      0.9766     0.9648
 9173.000      0.9616     0.9648
 9173.100      0.9528     0.9646
 9173.200      0.9614     0.9644
 9173.300      0.9701     0.9643
 9173.400      0.9784     0.9642
 9173.500      0.9790     0.9639
 9173.600      0.9783     0.9634
 9173.700      0.9760     0.9632
 9173.800      0.9659     0.9633
 9173.900      0.9495     0.9635
 9174.000      0.9307     0.9636
 9174.100      0.9217     0.9636
 9174.200      0.9300     0.9635
 9174.300      0.9492     0.9633
 9174.400      0.9664     0.9632
 9174.500      0.9729     0.9630
 9174.600      0.9507     0.9629
 9174.700      0.8954     0.9627
 9174.800      0.8394     0.9625
 9174.900      0.8019     0.9624
 9175.000      0.8085     0.9621
 9175.100      0.8213     0.9619
 9175.200      0.8260     0.9615
 9175.300      0.8324     0.9607
 9175.400      0.8511     0.9587
 9175.500      0.9007     0.9540
 9175.600      0.9420     0.9441
 9175.700      0.9643     0.9268
 9175.800      0.9627     0.9057
 9175.900      0.9510     0.8943
 9176.000      0.9284     0.9027
 9176.100      0.8848     0.9236
 9176.200      0.7961     0.9425
 9176.300      0.6558     0.9531
 9176.400      0.4764     0.9574
 9176.500      0.3364     0.9589
 9176.600      0.3082     0.9594
 9176.700      0.4184     0.9595
 9176.800      0.5565     0.9595
 9176.900      0.7005     0.9595
 9177.000      0.7993     0.9594
 9177.100      0.8478     0.9593
 9177.200      0.8531     0.9592
 9177.300      0.8337     0.9591
 9177.400      0.7703     0.9590
 9177.500      0.6697     0.9587
 9177.600      0.5798     0.9581
 9177.700      0.5521     0.9557
 9177.800      0.6541     0.9489
 9177.900      0.7855     0.9368
 9178.000      0.9065     0.9258
 9178.100      0.9540     0.9258
 9178.200      0.9642     0.9369
 9178.300      0.9635     0.9487
 9178.400      0.9601     0.9549
 9178.500      0.9602     0.9568
 9178.600      0.9616     0.9571
 9178.700      0.9474     0.9569
 9178.800      0.9215     0.9566
 9178.900      0.8829     0.9561
 9179.000      0.8297     0.9556
 9179.100      0.7379     0.9541
 9179.200      0.6240     0.9493
 9179.300      0.5586     0.9387
 9179.400      0.5955     0.9263
 9179.500      0.7082     0.9223
 9179.600      0.8286     0.9306
 9179.700      0.9257     0.9429
 9179.800      0.9627     0.9508
 9179.900      0.9708     0.9538
 9180.000      0.9782     0.9544
 9180.100      0.9882     0.9544
 9180.200      0.9960     0.9542
 9180.300      0.9998     0.9541
 9180.400      0.9979     0.9539
 9180.500      0.9931     0.9537
 9180.600      0.9807     0.9536
 9180.700      0.9463     0.9534
 9180.800      0.8921     0.9532
 9180.900      0.8389     0.9529
 9181.000      0.8371     0.9527
 9181.100      0.8852     0.9525
 9181.200      0.9461     0.9523
 9181.300      0.9850     0.9521
 9181.400      0.9995     0.9520
 9181.500      0.9966     0.9519
 9181.600      0.9850     0.9517
 9181.700      0.9773     0.9515
 9181.800      0.9796     0.9514
 9181.900      0.9927     0.9512
 9182.000      1.0026     0.9510
 9182.100      1.0069     0.9508
 9182.200      1.0104     0.9505
 9182.300      1.0109     0.9499
 9182.400      1.0074     0.9479
 9182.500      1.0020     0.9414
 9182.600      0.9984     0.9271
 9182.700      0.9995     0.9070
 9182.800      1.0015     0.8930
 9182.900      1.0022     0.8964
 9183.000      0.9975     0.9142
 9183.100      0.9909     0.9326
 9183.200      0.9820     0.9432
 9183.300      0.9686     0.9471
 9183.400      0.9290     0.9480
 9183.500      0.8797     0.9480
 9183.600      0.8430     0.9478
 9183.700      0.8530     0.9476
 9183.800      0.8963     0.9474
 9183.900      0.9473     0.9472
 9184.000      0.9825     0.9470
 9184.100      0.9921     0.9468
 9184.200      0.9878     0.9466
 9184.300      0.9785     0.9464
 9184.400      0.9681     0.9462
 9184.500      0.9654     0.9460
 9184.600      0.9719     0.9457
 9184.700      0.9829     0.9455
 9184.800      0.9886     0.9452
 9184.900      0.9901     0.9448
 9185.000      0.9889     0.9445
 9185.100      0.9866     0.9442
 9185.200      0.9832     0.9440
 9185.300      0.9793     0.9437
 9185.400      0.9822     0.9435
 9185.500      0.9860     0.9433
 9185.600      0.9836     0.9431
 9185.700      0.9619     0.9429
 9185.800      0.9353     0.9427
 9185.900      0.9104     0.9424
 9186.000      0.9057     0.9422
 9186.100      0.9209     0.9419
 9186.200      0.9438     0.9417
 9186.300      0.9596     0.9414
 9186.400      0.9543     0.9411
 9186.500      0.9078     0.9408
 9186.600      0.8007     0.9404
 9186.700      0.6717     0.9399
 9186.800      0.5908     0.9380
 9186.900      0.6170     0.9324
 9187.000      0.7041     0.9211
 9187.100      0.7680     0.9081
 9187.200      0.7537     0.9005
 9187.300      0.6780     0.8989
 9187.400      0.6373     0.9003
 9187.500      0.6790     0.9057
 9187.600      0.7841     0.9157
 9187.700      0.8783     0.9257
 9187.800      0.9446     0.9315
 9187.900      0.9734     0.9338
 9188.000      0.9858     0.9348
 9188.100      0.9937     0.9354
 9188.200      0.9994     0.9358
 9188.300      1.0006     0.9360
 9188.400      1.0012     0.9360
 9188.500      1.0022     0.9359
 9188.600      0.9986     0.9357
 9188.700      0.9850     0.9354
 9188.800      0.9606     0.9352
 9188.900      0.9459     0.9349
 9189.000      0.9479     0.9346
 9189.100      0.9623     0.9344
 9189.200      0.9754     0.9341
 9189.300      0.9853     0.9338
 9189.400      0.9913     0.9335
 9189.500      0.9908     0.9333
 9189.600      0.9875     0.9330
 9189.700      0.9861     0.9327
 9189.800      0.9901     0.9324
 9189.900      0.9980     0.9321
 9190.000      0.9995     0.9318
 9190.100      0.9931     0.9315
 9190.200      0.9827     0.9311
 9190.300      0.9813     0.9307
 9190.400      0.9851     0.9303
 9190.500      0.9907     0.9300
 9190.600      0.9879     0.9297
 9190.700      0.9828     0.9294
 9190.800      0.9774     0.9291
 9190.900      0.9822     0.9288
 9191.000      0.9902     0.9285
 9191.100      0.9970     0.9282
 9191.200      0.9999     0.9279
 9191.300      1.0019     0.9276
 9191.400      1.0059     0.9271
 9191.500      1.0094     0.9265
 9191.600      1.0123     0.9257
 9191.700      1.0149     0.9250
 9191.800      1.0169     0.9247
 9191.900      1.0171     0.9249
 9192.000      1.0114     0.9250
 9192.100      1.0058     0.9249
 9192.200      1.0003     0.9247
 9192.300      0.9875     0.9244
 9192.400      0.9609     0.9241
 9192.500      0.9261     0.9238
 9192.600      0.9000     0.9235
 9192.700      0.9042     0.9232
 9192.800      0.9380     0.9228
 9192.900      0.9742     0.9225
 9193.000      1.0048     0.9222
 9193.100      1.0169     0.9218
 9193.200      1.0160     0.9215
 9193.300      1.0146     0.9212
 9193.400      1.0151     0.9208
 9193.500      1.0142     0.9205
 9193.600      1.0103     0.9201
 9193.700      1.0006     0.9198
 9193.800      0.9805     0.9195
 9193.900      0.9579     0.9191
 9194.000      0.9400     0.9188
 9194.100      0.9431     0.9184
 9194.200      0.9588     0.9181
 9194.300      0.9767     0.9177
 9194.400      0.9857     0.9173
 9194.500      0.9810     0.9170
 9194.600      0.9699     0.9166
 9194.700      0.9288     0.9162
 9194.800      0.8577     0.9158
 9194.900      0.7755     0.9153
 9195.000      0.7329     0.9149
 9195.100      0.7737     0.9145
 9195.200      0.8648     0.9141
 9195.300      0.9427     0.9137
 9195.400      0.9805     0.9133
 9195.500      0.9918     0.9129
 9195.600      0.9921     0.9125
 9195.700      0.9890     0.9122
 9195.800      0.9944     0.9118
 9195.900      1.0001     0.9114
 9196.000      1.0002     0.9110
 9196.100      0.9974     0.9106
 9196.200      0.9954     0.9102
 9196.300      0.9974     0.9098
 9196.400      0.9975     0.9093
 9196.500      0.9968     0.9084
 9196.600      0.9969     0.9060
 9196.700      0.9964     0.9015
 9196.800      0.9938     0.8966
 9196.900      0.9878     0.8952
 9197.000      0.9822     0.8983
 9197.100      0.9769     0.9026
 9197.200      0.9686     0.9050
 9197.300      0.9555     0.9056
 9197.400      0.9292     0.9054
 9197.500      0.8519     0.9050
 9197.600      0.7218     0.9046
 9197.700      0.5694     0.9042
 9197.800      0.4971     0.9038
 9197.900      0.5454     0.9033
 9198.000      0.6652     0.9029
 9198.100      0.7626     0.9025
 9198.200      0.7827     0.9021
 9198.300      0.7230     0.9016
 9198.400      0.6785     0.9011
 9198.500      0.6966     0.9007
 9198.600      0.7969     0.9003
 9198.700      0.8906     0.8998
 9198.800      0.9576     0.8993
 9198.900      0.9777     0.8988
 9199.000      0.9909     0.8983
 9199.100      0.9988     0.8977
 9199.200      1.0009     0.8968
 9199.300      0.9977     0.8958
 9199.400      0.9932     0.8948
 9199.500      0.9890     0.8944
 9199.600      0.9890     0.8945
 9199.700      0.9915     0.8946
 9199.800      0.9903     0.8944
 9199.900      0.9871     0.8940
 9200.000      0.9834     0.8936
 9200.100      0.9853     0.8931
 9200.200      0.9913     0.8927
 9200.300      0.9989     0.8922
 9200.400      1.0029     0.8917
 9200.500      1.0034     0.8912
 9200.600      1.0017     0.8907
 9200.700      0.9988     0.8903
 9200.800      0.9957     0.8898
 9200.900      0.9926     0.8893
 9201.000      0.9931     0.8888
 9201.100      0.9925     0.8883
 9201.200      0.9831     0.8878
 9201.300      0.9632     0.8872
 9201.400      0.9422     0.8865
 9201.500      0.9294     0.8859
 9201.600      0.9425     0.8853
 9201.700      0.9633     0.8850
 9201.800      0.9816     0.8847
 9201.900      0.9923     0.8842
 9202.000      0.9964     0.8838
 9202.100      0.9977     0.8833
 9202.200      0.9980     0.8827
 9202.300      0.9982     0.8821
 9202.400      0.9988     0.8815
 9202.500      1.0003     0.8809
 9202.600      1.0025     0.8803
 9202.700      1.0052     0.8795
 9202.800      1.0042     0.8781
 9202.900      0.9988     0.8750
 9203.000      0.9928     0.8700
 9203.100      0.9871     0.8655
 9203.200      0.9824     0.8654
 9203.300      0.9782     0.8691
 9203.400      0.9763     0.8728
 9203.500      0.9800     0.8745
 9203.600      0.9894     0.8745
 9203.700      0.9974     0.8735
 9203.800      0.9993     0.8710
 9203.900      0.9987     0.8662
 9204.000      0.9983     0.8610
 9204.100      0.9996     0.8592
 9204.200      0.9997     0.8622
 9204.300      0.9994     0.8661
 9204.400      1.0002     0.8678
 9204.500      1.0034     0.8674
 9204.600      1.0062     0.8666
 9204.700      1.0010     0.8666
 9204.800      0.9958     0.8669
 9204.900      0.9920     0.8669
 9205.000      0.9980     0.8666
 9205.100      1.0008     0.8661
 9205.200      1.0002     0.8655
 9205.300      0.9992     0.8648
 9205.400      0.9974     0.8641
 9205.500      0.9952     0.8634
 9205.600      0.9984     0.8627
 9205.700      1.0016     0.8621
 9205.800      1.0036     0.8615
 9205.900      0.9998     0.8608
 9206.000      0.9977     0.8602
 9206.100      0.9995     0.8596
 9206.200      0.9984     0.8589
 9206.300      0.9933     0.8583
 9206.400      0.9859     0.8577
 9206.500      0.9848     0.8570
 9206.600      0.9849     0.8564
 9206.700      0.9813     0.8557
 9206.800      0.9704     0.8551
 9206.900      0.9613     0.8544
 9207.000      0.9672     0.8538
 9207.100      0.9736     0.8531
 9207.200      0.9786     0.8524
 9207.300      0.9762     0.8516
 9207.400      0.9770     0.8505
 9207.500      0.9797     0.8494
 9207.600      0.9739     0.8482
 9207.700      0.9549     0.8465
 9207.800      0.9203     0.8435
 9207.900      0.8717     0.8398
 9208.000      0.8400     0.8374
 9208.100      0.8502     0.8377
 9208.200      0.9022     0.8395
 9208.300      0.9496     0.8408
 9208.400      0.9785     0.8415
 9208.500      0.9866     0.8418
 9208.600      0.9892     0.8419
 9208.700      0.9895     0.8416
 9208.800      0.9874     0.8410
 9208.900      0.9794     0.8403
 9209.000      0.9591     0.8396
 9209.100      0.9231     0.8389
 9209.200      0.8892     0.8382
 9209.300      0.8822     0.8374
 9209.400      0.9099     0.8367
 9209.500      0.9438     0.8359
 9209.600      0.9674     0.8352
 9209.700      0.9746     0.8344
 9209.800      0.9735     0.8335
 9209.900      0.9702     0.8325
 9210.000      0.9520     0.8316
 9210.100      0.9205     0.8309
 9210.200      0.8843     0.8302
 9210.300      0.8669     0.8295
 9210.400      0.8817     0.8288
 9210.500      0.9170     0.8279
 9210.600      0.9458     0.8266
 9210.700      0.9541     0.8246
 9210.800      0.9295     0.8223
 9210.900      0.9009     0.8208
 9211.000      0.8715     0.8209
 9211.100      0.8844     0.8216
 9211.200      0.9180     0.8219
 9211.300      0.9574     0.8215
 9211.400      0.9827     0.8208
 9211.500      0.9949     0.8200
 9211.600      0.9984     0.8191
 9211.700      0.9944     0.8183
 9211.800      0.9897     0.8174
 9211.900      0.9854     0.8166
 9212.000      0.9880     0.8157
 9212.100      0.9943     0.8147
 9212.200      1.0012     0.8138
 9212.300      1.0036     0.8126
 9212.400      1.0020     0.8099
 9212.500      0.9992     0.8011
 9212.600      0.9988     0.7781
 9212.700      0.9993     0.7385
 9212.800      0.9937     0.7013
 9212.900      0.9884     0.6953
 9213.000      0.9841     0.7253
 9213.100      0.9846     0.7652
 9213.200      0.9830     0.7910
 9213.300      0.9793     0.8008
 9213.400      0.9790     0.8026
 9213.500      0.9834     0.8021
 9213.600      0.9902     0.8011
 9213.700      0.9938     0.8000
 9213.800      0.9942     0.7988
 9213.900      0.9931     0.7978
 9214.000      0.9951     0.7969
 9214.100      0.9970     0.7961
 9214.200      0.9958     0.7953
 9214.300      0.9913     0.7945
 9214.400      0.9883     0.7935
 9214.500      0.9905     0.7926
 9214.600      0.9914     0.7916
 9214.700      0.9904     0.7906
 9214.800      0.9869     0.7896
 9214.900      0.9712     0.7887
 9215.000      0.9297     0.7878
 9215.100      0.8582     0.7869
 9215.200      0.8052     0.7859
 9215.300      0.7987     0.7849
 9215.400      0.8506     0.7839
 9215.500      0.8998     0.7829
 9215.600      0.9389     0.7818
 9215.700      0.9508     0.7808
 9215.800      0.9546     0.7798
 9215.900      0.9543     0.7788
 9216.000      0.9501     0.7777
 9216.100      0.9459     0.7767
 9216.200      0.9419     0.7757
 9216.300      0.9433     0.7746
 9216.400      0.9433     0.7735
 9216.500      0.9389     0.7724
 9216.600      0.9332     0.7713
 9216.700      0.9188     0.7702
 9216.800      0.8738     0.7691
 9216.900      0.7874     0.7680
 9217.000      0.7022     0.7669
 9217.100      0.6674     0.7658
 9217.200      0.7174     0.7646
 9217.300      0.7961     0.7634
 9217.400      0.8791     0.7620
 9217.500      0.9376     0.7605
 9217.600      0.9658     0.7592
 9217.700      0.9765     0.7574
 9217.800      0.9763     0.7529
 9217.900      0.9684     0.7394
 9218.000      0.9541     0.7092
 9218.100      0.9509     0.6652
 9218.200      0.9642     0.6303
 9218.300      0.9856     0.6295
 9218.400      0.9954     0.6627
 9218.500      0.9942     0.7042
 9218.600      0.9956     0.7318
 9218.700      0.9961     0.7428
 9218.800      0.9938     0.7450
 9218.900      0.9895     0.7445
 9219.000      0.9823     0.7434
 9219.100      0.9689     0.7423
 9219.200      0.9345     0.7411
 9219.300      0.8737     0.7398
 9219.400      0.7948     0.7386
 9219.500      0.7119     0.7373
 9219.600      0.6333     0.7360
 9219.700      0.5901     0.7348
 9219.800      0.6107     0.7335
 9219.900      0.6931     0.7322
 9220.000      0.8102     0.7309
 9220.100      0.9090     0.7296
 9220.200      0.9715     0.7283
 9220.300      0.9963     0.7270
 9220.400      1.0036     0.7256
 9220.500      1.0047     0.7243
 9220.600      1.0034     0.7230
 9220.700      0.9960     0.7216
 9220.800      0.9865     0.7202
 9220.900      0.9823     0.7188
 9221.000      0.9775     0.7174
 9221.100      0.9711     0.7160
 9221.200      0.9607     0.7147
 9221.300      0.9520     0.7133
 9221.400      0.9478     0.7119
 9221.500      0.9472     0.7105
 9221.600      0.9478     0.7090
 9221.700      0.9488     0.7076
 9221.800      0.9477     0.7061
 9221.900      0.9440     0.7047
 9222.000      0.9388     0.7032
 9222.100      0.9395     0.7018
 9222.200      0.9465     0.7003
 9222.300      0.9564     0.6988
 9222.400      0.9647     0.6972
 9222.500      0.9708     0.6957
 9222.600      0.9748     0.6942
 9222.700      0.9734     0.6927
 9222.800      0.9710     0.6911
 9222.900      0.9749     0.6896
 9223.000      0.9866     0.6880
 9223.100      0.9997     0.6864
 9223.200      1.0032     0.6848
 9223.300      1.0031     0.6832
 9223.400      1.0026     0.6816
 9223.500      1.0070     0.6800
 9223.600      1.0094     0.6783
 9223.700      1.0072     0.6767
 9223.800      1.0009     0.6750
 9223.900      0.9964     0.6733
 9224.000      0.9941     0.6716
 9224.100      0.9825     0.6699
 9224.200      0.9548     0.6682
 9224.300      0.9164     0.6664
 9224.400      0.8874     0.6647
 9224.500      0.8886     0.6629
 9224.600      0.9222     0.6611
 9224.700      0.9583     0.6593
 9224.800      0.9884     0.6575
 9224.900      0.9978     0.6557
 9225.000      0.9982     0.6539
 9225.100      0.9987     0.6520
 9225.200      1.0029     0.6501
 9225.300      1.0027     0.6482
 9225.400      1.0004     0.6463
 9225.500      0.9980     0.6443
 9225.600      0.9990     0.6424
 9225.700      1.0018     0.6404
 9225.800      1.0034     0.6383
 9225.900      1.0026     0.6363
 9226.000      0.9996     0.6342
 9226.100      0.9954     0.6321
 9226.200      0.9944     0.6300
 9226.300      0.9962     0.6279
 9226.400      0.9954     0.6257
 9226.500      0.9910     0.6234
 9226.600      0.9849     0.6211
 9226.700      0.9824     0.6188
 9226.800      0.9790     0.6165
 9226.900      0.9711     0.6141
 9227.000      0.9578     0.6116
 9227.100      0.9267     0.6091
 9227.200      0.8605     0.6065
 9227.300      0.7637     0.6039
 9227.400      0.6807     0.6012
 9227.500      0.6794     0.5984
 9227.600      0.7622     0.5955
 9227.700      0.8535     0.5923
 9227.800      0.9109     0.5888
 9227.900      0.9283     0.5845
 9228.000      0.9341     0.5798
 9228.100      0.9386     0.5758
 9228.200      0.9451     0.5731
 9228.300      0.9515     0.5707
 9228.400      0.9503     0.5679
 9228.500      0.9489     0.5643
 9228.600      0.9478     0.5604
 9228.700      0.9515     0.5567
 9228.800      0.9528     0.5537
 9228.900      0.9511     0.5519
 9229.000      0.9489     0.5513
 9229.100      0.9439     0.5516
 9229.200      0.9368     0.5531
 9229.300      0.9355     0.5557
 9229.400      0.9330     0.5593
 9229.500      0.9262     0.5632
 9229.600      0.9165     0.5671
 9229.700      0.9102     0.5710
 9229.800      0.9105     0.5748
 9229.900      0.9080     0.5784
 9230.000      0.9059     0.5819
 9230.100      0.9059     0.5853
 9230.200      0.9052     0.5885
 9230.300      0.9026     0.5917
 9230.400      0.8957     0.5947
 9230.500      0.8857     0.5976
 9230.600      0.8758     0.6004
 9230.700      0.8683     0.6031
 9230.800      0.8581     0.6058
 9230.900      0.8405     0.6084
 9231.000      0.8124     0.6110
 9231.100      0.7973     0.6135
 9231.200      0.8012     0.6159
 9231.300      0.8153     0.6183
 9231.400      0.8256     0.6206
 9231.500      0.8287     0.6229
 9231.600      0.8275     0.6252
 9231.700      0.8176     0.6274
 9231.800      0.7963     0.6295
 9231.900      0.7637     0.6317
 9232.000      0.7381     0.6338
 9232.100      0.7347     0.6359
 9232.200      0.7519     0.6380
 9232.300      0.7703     0.6400
 9232.400      0.7868     0.6420
 9232.500      0.7970     0.6440
 9232.600      0.7975     0.6460
 9232.700      0.7861     0.6479
 9232.800      0.7611     0.6498
 9232.900      0.7386     0.6517
 9233.000      0.7407     0.6536
 9233.100      0.7654     0.6555
 9233.200      0.7925     0.6573
 9233.300      0.8064     0.6592
 9233.400      0.8073     0.6610
 9233.500      0.8052     0.6628
 9233.600      0.8079     0.6645
 9233.700      0.8181     0.6663
 9233.800      0.8310     0.6680
 9233.900      0.8408     0.6697
 9234.000      0.8485     0.6714
 9234.100      0.8555     0.6731
 9234.200      0.8649     0.6749
 9234.300      0.8707     0.6766
 9234.400      0.8727     0.6782
 9234.500      0.8802     0.6799
 9234.600      0.8873     0.6815
 9234.700      0.8909     0.6832
 9234.800      0.8820     0.6848
 9234.900      0.8561     0.6864
 9235.000      0.8202     0.6880
 9235.100      0.7854     0.6896
 9235.200      0.7681     0.6911
 9235.300      0.7957     0.6927
 9235.400      0.8382     0.6942
 9235.500      0.8791     0.6958
 9235.600      0.9033     0.6973
 9235.700      0.9105     0.6988
 9235.800      0.9135     0.7003
 9235.900      0.9162     0.7018
 9236.000      0.9208     0.7033
 9236.100      0.9263     0.7048
 9236.200      0.9310     0.7063
 9236.300      0.9346     0.7077
 9236.400      0.9369     0.7092
 9236.500      0.9377     0.7106
 9236.600      0.9361     0.7120
 9236.700      0.9308     0.7134
 9236.800      0.9219     0.7148
 9236.900      0.8972     0.7162
 9237.000      0.8520     0.7175
 9237.100      0.7953     0.7182
 9237.200      0.7586     0.7166
 9237.300      0.7707     0.7095
 9237.400      0.8132     0.6969
 9237.500      0.8469     0.6870
 9237.600      0.8630     0.6900
 9237.700      0.8801     0.7042
 9237.800      0.8989     0.7186
 9237.900      0.9192     0.7268
 9238.000      0.9211     0.7303
 9238.100      0.9161     0.7321
 9238.200      0.9103     0.7336
 9238.300      0.9207     0.7350
 9238.400      0.9369     0.7364
 9238.500      0.9505     0.7376
 9238.600      0.9584     0.7389
 9238.700      0.9619     0.7402
 9238.800      0.9636     0.7414
 9238.900      0.9649     0.7427
 9239.000      0.9662     0.7439
 9239.100      0.9674     0.7451
 9239.200      0.9684     0.7464
 9239.300      0.9686     0.7476
 9239.400      0.9611     0.7488
 9239.500      0.9448     0.7500
 9239.600      0.9247     0.7512
 9239.700      0.9151     0.7524
 9239.800      0.9214     0.7536
 9239.900      0.9366     0.7548
 9240.000      0.9482     0.7560
 9240.100      0.9501     0.7572
 9240.200      0.9299     0.7583
 9240.300      0.8744     0.7595
 9240.400      0.8161     0.7606
 9240.500      0.7694     0.7618
 9240.600      0.7885     0.7629
 9240.700      0.8397     0.7641
 9240.800      0.8982     0.7652
 9240.900      0.9369     0.7663
 9241.000      0.9443     0.7675
 9241.100      0.9208     0.7686
 9241.200      0.8621     0.7696
 9241.300      0.7977     0.7707
 9241.400      0.7652     0.7718
 9241.500      0.7863     0.7729
 9241.600      0.8384     0.7740
 9241.700      0.8984     0.7751
 9241.800      0.9458     0.7762
 9241.900      0.9695     0.7773
 9242.000      0.9775     0.7783
 9242.100      0.9719     0.7794
 9242.200      0.9619     0.7804
 9242.300      0.9525     0.7814
 9242.400      0.9504     0.7824
 9242.500      0.9560     0.7834
 9242.600      0.9446     0.7844
 9242.700      0.9300     0.7854
 9242.800      0.9151     0.7865
 9242.900      0.9240     0.7875
 9243.000      0.9381     0.7885
 9243.100      0.9526     0.7895
 9243.200      0.9651     0.7905
 9243.300      0.9764     0.7915
 9243.400      0.9873     0.7924
 9243.500      0.9964     0.7933
 9243.600      1.0025     0.7941
 9243.700      1.0047     0.7944
 9243.800      1.0035     0.7924
 9243.900      1.0012     0.7822
 9244.000      0.9988     0.7548
 9244.100      0.9976     0.7099
 9244.200      0.9971     0.6692
 9244.300      0.9949     0.6632
 9244.400      0.9904     0.6973
 9244.500      0.9837     0.7454
 9244.600      0.9753     0.7799
 9244.700      0.9698     0.7953
 9244.800      0.9709     0.8011
 9244.900      0.9779     0.8042
 9245.000      0.9775     0.8065
 9245.100      0.9568     0.8081
 9245.200      0.9175     0.8092
 9245.300      0.8841     0.8102
 9245.400      0.8741     0.8111
 9245.500      0.8884     0.8119
 9245.600      0.9058     0.8128
 9245.700      0.9237     0.8137
 9245.800      0.9481     0.8145
 9245.900      0.9726     0.8154
 9246.000      0.9893     0.8164
 9246.100      0.9972     0.8172
 9246.200      0.9975     0.8180
 9246.300      0.9928     0.8184
 9246.400      0.9853     0.8186
 9246.500      0.9738     0.8191
 9246.600      0.9533     0.8201
 9246.700      0.9132     0.8215
 9246.800      0.8668     0.8229
 9246.900      0.8376     0.8239
 9247.000      0.8254     0.8248
 9247.100      0.8182     0.8257
 9247.200      0.7930     0.8265
 9247.300      0.7813     0.8273
 9247.400      0.7995     0.8281
 9247.500      0.8433     0.8289
 9247.600      0.8811     0.8296
 9247.700      0.9041     0.8304
 9247.800      0.9185     0.8312
 9247.900      0.9260     0.8321
 9248.000      0.9284     0.8329
 9248.100      0.9268     0.8337
 9248.200      0.9221     0.8345
 9248.300      0.9131     0.8353
 9248.400      0.8847     0.8361
 9248.500      0.8230     0.8368
 9248.600      0.7343     0.8376
 9248.700      0.6798     0.8383
 9248.800      0.6995     0.8390
 9248.900      0.7925     0.8398
 9249.000      0.8809     0.8405
 9249.100      0.9509     0.8413
 9249.200      0.9774     0.8420
 9249.300      0.9909     0.8427
 9249.400      0.9981     0.8434
 9249.500      1.0013     0.8441
 9249.600      0.9986     0.8448
 9249.700      0.9940     0.8455
 9249.800      0.9931     0.8463
 9249.900      0.9960     0.8470
 9250.000      1.0004     0.8477
 9250.100      1.0049     0.8485
 9250.200      1.0063     0.8492
 9250.300      1.0041     0.8500
 9250.400      1.0055     0.8507
 9250.500      1.0072     0.8514
 9250.600      1.0087     0.8521
 9250.700      1.0092     0.8527
 9250.800      1.0084     0.8534
 9250.900      1.0065     0.8541
 9251.000      1.0044     0.8547
 9251.100      1.0024     0.8554
 9251.200      1.0005     0.8561
 9251.300      0.9928     0.8566
 9251.400      0.9840     0.8566
 9251.500      0.9777     0.8553
 9251.600      0.9643     0.8521
 9251.700      0.9385     0.8487
 9251.800      0.9029     0.8488
 9251.900      0.8838     0.8530
 9252.000      0.8938     0.8577
 9252.100      0.9268     0.8606
 9252.200      0.9589     0.8616
 9252.300      0.9870     0.8613
 9252.400      0.9975     0.8602
 9252.500      1.0007     0.8594
 9252.600      1.0012     0.8605
 9252.700      1.0012     0.8629
 9252.800      0.9991     0.8651
 9252.900      0.9941     0.8665
 9253.000      0.9876     0.8674
 9253.100      0.9750     0.8682
 9253.200      0.9421     0.8688
 9253.300      0.8573     0.8692
 9253.400      0.7678     0.8692
 9253.500      0.6907     0.8685
 9253.600      0.7029     0.8676
 9253.700      0.7757     0.8677
 9253.800      0.8686     0.8693
 9253.900      0.9302     0.8713
 9254.000      0.9634     0.8730
 9254.100      0.9830     0.8740
 9254.200      0.9933     0.8746
 9254.300      0.9972     0.8752
 9254.400      0.9966     0.8758
 9254.500      0.9948     0.8763
 9254.600      0.9903     0.8768
 9254.700      0.9772     0.8773
 9254.800      0.9656     0.8779
 9254.900      0.9601     0.8784
 9255.000      0.9732     0.8786
 9255.100      0.9850     0.8783
 9255.200      0.9915     0.8775
 9255.300      0.9855     0.8764
 9255.400      0.9712     0.8742
 9255.500      0.9541     0.8668
 9255.600      0.9481     0.8511
 9255.700      0.9577     0.8338
 9255.800      0.9761     0.8295
 9255.900      0.9846     0.8433
 9256.000      0.9815     0.8634
 9256.100      0.9723     0.8774
 9256.200      0.9712     0.8836
 9256.300      0.9720     0.8857
 9256.400      0.9723     0.8866
 9256.500      0.9607     0.8872
 9256.600      0.9396     0.8878
 9256.700      0.9151     0.8883
 9256.800      0.9087     0.8888
 9256.900      0.9260     0.8893
 9257.000      0.9567     0.8898
 9257.100      0.9802     0.8903
 9257.200      0.9902     0.8908
 9257.300      0.9877     0.8913
 9257.400      0.9731     0.8918
 9257.500      0.9556     0.8922
 9257.600      0.9473     0.8927
 9257.700      0.9546     0.8932
 9257.800      0.9707     0.8936
 9257.900      0.9878     0.8939
 9258.000      1.0011     0.8939
 9258.100      1.0058     0.8932
 9258.200      1.0044     0.8925
 9258.300      1.0037     0.8928
 9258.400      1.0040     0.8943
 9258.500      1.0028     0.8959
 9258.600      1.0011     0.8969
 9258.700      0.9991     0.8970
 9258.800      0.9954     0.8961
 9258.900      0.9905     0.8946
 9259.000      0.9847     0.8940
 9259.100      0.9746     0.8954
 9259.200      0.9637     0.8978
 9259.300      0.9545     0.8997
 9259.400      0.9512     0.9008
 9259.500      0.9538     0.9013
 9259.600      0.9601     0.9016
 9259.700      0.9720     0.9020
 9259.800      0.9850     0.9023
 9259.900      0.9938     0.9025
 9260.000      0.9982     0.9027
 9260.100      1.0010     0.9028
 9260.200      1.0037     0.9023
 9260.300      1.0034     0.9000
 9260.400      1.0007     0.8910
 9260.500      0.9988     0.8655
 9260.600      0.9947     0.8152
 9260.700      0.9884     0.7492
 9260.800      0.9846     0.6968
 9260.900      0.9857     0.6863
 9261.000      0.9902     0.7234
 9261.100      0.9871     0.7878
 9261.200      0.9739     0.8480
 9261.300      0.9533     0.8849
 9261.400      0.9305     0.9007
 9261.500      0.9126     0.9059
 9261.600      0.9137     0.9075
 9261.700      0.9261     0.9081
 9261.800      0.9384     0.9085
 9261.900      0.9463     0.9084
 9262.000      0.9573     0.9078
 9262.100      0.9691     0.9050
 9262.200      0.9762     0.8950
 9262.300      0.9769     0.8682
 9262.400      0.9654     0.8164
 9262.500      0.9307     0.7469
 9262.600      0.8546     0.6845
 9262.700      0.7646     0.6548
 9262.800      0.7173     0.6708
 9262.900      0.7394     0.7277
 9263.000      0.7955     0.8014
 9263.100      0.8533     0.8614
 9263.200      0.8905     0.8946
 9263.300      0.8940     0.9080
 9263.400      0.8847     0.9125
 9263.500      0.8854     0.9145
 9263.600      0.9002     0.9156
 9263.700      0.9055     0.9165
 9263.800      0.8940     0.9172
 9263.900      0.8705     0.9177
 9264.000      0.8553     0.9181
 9264.100      0.8549     0.9183
 9264.200      0.8661     0.9183
 9264.300      0.8722     0.9181
 9264.400      0.8618     0.9183
 9264.500      0.8297     0.9189
 9264.600      0.7980     0.9197
 9264.700      0.7756     0.9202
 9264.800      0.7972     0.9205
 9264.900      0.8361     0.9206
 9265.000      0.8756     0.9205
 9265.100      0.8943     0.9201
 9265.200      0.8988     0.9194
 9265.300      0.8915     0.9175
 9265.400      0.8743     0.9123
 9265.500      0.8590     0.8972
 9265.600      0.8511     0.8617
 9265.700      0.8614     0.7999
 9265.800      0.8714     0.7244
 9265.900      0.8794     0.6648
 9266.000      0.8722     0.6485
 9266.100      0.8647     0.6851
 9266.200      0.8594     0.7583
 9266.300      0.8624     0.8338
 9266.400      0.8702     0.8850
 9266.500      0.8797     0.9096
 9266.600      0.8895     0.9190
 9266.700      0.8994     0.9228
 9266.800      0.9094     0.9248
 9266.900      0.9195     0.9261
 9267.000      0.9308     0.9271
 9267.100      0.9458     0.9279
 9267.200      0.9617     0.9285
 9267.300      0.9770     0.9291
 9267.400      0.9868     0.9296
 9267.500      0.9905     0.9301
 9267.600      0.9929     0.9305
 9267.700      0.9961     0.9310
 9267.800      0.9975     0.9313
 9267.900      0.9973     0.9317
 9268.000      0.9970     0.9321
 9268.100      0.9969     0.9326
 9268.200      0.9971     0.9330
 9268.300      0.9832     0.9335
 9268.400      0.9504     0.9338
 9268.500      0.9085     0.9342
 9268.600      0.8708     0.9345
 9268.700      0.8529     0.9348
 9268.800      0.8606     0.9351
 9268.900      0.8759     0.9354
 9269.000      0.8875     0.9357
 9269.100      0.8885     0.9360
 9269.200      0.8848     0.9363
 9269.300      0.8791     0.9366
 9269.400      0.8729     0.9368
 9269.500      0.8694     0.9371
 9269.600      0.8712     0.9374
 9269.700      0.8776     0.9377
 9269.800      0.8821     0.9379
 9269.900      0.8871     0.9382
 9270.000      0.8975     0.9385
 9270.100      0.9083     0.9388
 9270.200      0.9207     0.9390
 9270.300      0.9392     0.9393
 9270.400      0.9574     0.9396
 9270.500      0.9738     0.9398
 9270.600      0.9807     0.9401
 9270.700      0.9875     0.9403
 9270.800      0.9942     0.9406
 9270.900      0.9960     0.9408
 9271.000      0.9935     0.9411
 9271.100      0.9861     0.9413
 9271.200      0.9732     0.9415
 9271.300      0.9535     0.9418
 9271.400      0.9306     0.9420
 9271.500      0.9217     0.9423
 9271.600      0.9266     0.9426
 9271.700      0.9386     0.9428
 9271.800      0.9514     0.9428
 9271.900      0.9633     0.9422
 9272.000      0.9720     0.9402
 9272.100      0.9794     0.9371
 9272.200      0.9816     0.9351
 9272.300      0.9731     0.9365
 9272.400      0.9621     0.9401
 9272.500      0.9562     0.9430
 9272.600      0.9707     0.9445
 9272.700      0.9852     0.9450
 9272.800      0.9980     0.9451
 9272.900      1.0010     0.9449
 9273.000      0.9993     0.9447
 9273.100      0.9956     0.9445
 9273.200      0.9910     0.9447
 9273.300      0.9883     0.9452
 9273.400      0.9904     0.9460
 9273.500      0.9974     0.9467
 9273.600      1.0036     0.9472
 9273.700      1.0074     0.9476
 9273.800      1.0087     0.9480
 9273.900      1.0100     0.9482
 9274.000      1.0117     0.9485
 9274.100      1.0122     0.9487
 9274.200      1.0104     0.9489
 9274.300      1.0039     0.9491
 9274.400      0.9929     0.9493
 9274.500      0.9746     0.9495
 9274.600      0.9510     0.9497
 9274.700      0.9466     0.9499
 9274.800      0.9558     0.9501
 9274.900      0.9692     0.9503
 9275.000      0.9707     0.9506
 9275.100      0.9465     0.9508
 9275.200      0.8930     0.9510
 9275.300      0.8298     0.9512
 9275.400      0.7691     0.9514
 9275.500      0.7487     0.9516
 9275.600      0.7703     0.9518
 9275.700      0.8201     0.9520
 9275.800      0.8833     0.9521
 9275.900      0.9383     0.9523
 9276.000      0.9765     0.9525
 9276.100      1.0012     0.9527
 9276.200      1.0118     0.9529
 9276.300      1.0117     0.9531
 9276.400      1.0056     0.9533
 9276.500      0.9917     0.9535
 9276.600      0.9742     0.9537
 9276.700      0.9687     0.9539
 9276.800      0.9750     0.9540
 9276.900      0.9867     0.9542
 9277.000      0.9978     0.9544
 9277.100      1.0026     0.9546
 9277.200      0.9848     0.9548
 9277.300      0.9419     0.9550
 9277.400      0.8980     0.9551
 9277.500      0.8737     0.9553
 9277.600      0.8964     0.9555
 9277.700      0.9304     0.9557
 9277.800      0.9617     0.9559
 9277.900      0.9707     0.9560
 9278.000      0.9669     0.9562
 9278.100      0.9612     0.9564
 9278.200      0.9654     0.9565
 9278.300      0.9751     0.9567
 9278.400      0.9788     0.9568
 9278.500      0.9782     0.9570
 9278.600      0.9763     0.9571
 9278.700      0.9769     0.9573
 9278.800      0.9794     0.9574
 9278.900      0.9825     0.9576
 9279.000      0.9676     0.9578
 9279.100      0.9453     0.9580
 9279.200      0.9210     0.9582
 9279.300      0.9198     0.9584
 9279.400      0.9302     0.9586
 9279.500      0.9440     0.9588
 9279.600      0.9438     0.9590
 9279.700      0.9266     0.9592
 9279.800      0.8999     0.9595
 9279.900      0.8797     0.9597
 9280.000      0.8769     0.9599
 9280.100      0.8953     0.9601
 9280.200      0.9171     0.9602
 9280.300      0.9382     0.9603
 9280.400      0.9507     0.9605
 9280.500      0.9522     0.9606
 9280.600      0.9407     0.9608
 9280.700      0.9159     0.9610
 9280.800      0.8794     0.9611
 9280.900      0.8175     0.9613
 9281.000      0.6869     0.9614
 9281.100      0.5345     0.9616
 9281.200      0.3820     0.9617
 9281.300      0.3647     0.9619
 9281.400      0.4707     0.9620
 9281.500      0.6226     0.9622
 9281.600      0.7538     0.9623
 9281.700      0.8473     0.9624
 9281.800      0.8849     0.9625
 9281.900      0.8703     0.9625
 9282.000      0.8174     0.9626
 9282.100      0.7496     0.9628
 9282.200      0.7232     0.9630
 9282.300      0.7027     0.9632
 9282.400      0.6800     0.9634
 9282.500      0.6510     0.9635
 9282.600      0.6429     0.9636
 9282.700      0.7078     0.9637
 9282.800      0.7984     0.9639
 9282.900      0.8832     0.9641
 9283.000      0.9237     0.9642
 9283.100      0.9394     0.9643
 9283.200      0.9483     0.9643
 9283.300      0.9559     0.9643
 9283.400      0.9660     0.9643
 9283.500      0.9775     0.9646
 9283.600      0.9879     0.9649
 9283.700      0.9968     0.9651
 9283.800      1.0017     0.9653
 9283.900      0.9936     0.9654
 9284.000      0.9760     0.9656
 9284.100      0.9555     0.9656
 9284.200      0.9442     0.9656
 9284.300      0.9432     0.9657
 9284.400      0.9470     0.9659
 9284.500      0.9418     0.9661
 9284.600      0.9437     0.9662
 9284.700      0.9568     0.9663
 9284.800      0.9613     0.9664
 9284.900      0.9476     0.9666
 9285.000      0.9196     0.9667
 9285.100      0.9011     0.9669
 9285.200      0.9072     0.9671
 9285.300      0.9379     0.9672
 9285.400      0.9666     0.9673
 9285.500      0.9891     0.9675
 9285.600      1.0003     0.9676
 9285.700      1.0053     0.9677
 9285.800      1.0071     0.9677
 9285.900      1.0072     0.9678
 9286.000      1.0028     0.9680
 9286.100      0.9954     0.9681
 9286.200      0.9871     0.9683
 9286.300      0.9685     0.9684
 9286.400      0.9443     0.9686
 9286.500      0.9274     0.9687
 9286.600      0.9131     0.9689
 9286.700      0.9012     0.9691
 9286.800      0.8951     0.9692
 9286.900      0.8810     0.9694
 9287.000      0.8362     0.9695
 9287.100      0.7340     0.9696
 9287.200      0.6149     0.9697
 9287.300      0.4918     0.9698
 9287.400      0.4830     0.9699
 9287.500      0.5664     0.9700
 9287.600      0.6873     0.9701
 9287.700      0.7848     0.9702
 9287.800      0.8400     0.9703
 9287.900      0.8584     0.9704
 9288.000      0.8702     0.9704
 9288.100      0.8853     0.9703
 9288.200      0.9124     0.9701
 9288.300      0.9345     0.9700
 9288.400      0.9454     0.9702
 9288.500      0.9366     0.9705
 9288.600      0.8813     0.9709
 9288.700      0.7898     0.9712
 9288.800      0.6834     0.9713
 9288.900      0.6307     0.9715
 9289.000      0.6504     0.9715
 9289.100      0.7025     0.9716
 9289.200      0.7518     0.9714
 9289.300      0.7988     0.9710
 9289.400      0.8587     0.9707
 9289.500      0.9158     0.9708
 9289.600      0.9620     0.9713
 9289.700      0.9880     0.9719
 9289.800      0.9993     0.9722
 9289.900      1.0004     0.9724
 9290.000      0.9950     0.9725
 9290.100      0.9818     0.9726
 9290.200      0.9641     0.9725
 9290.300      0.9483     0.9722
 9290.400      0.9387     0.9718
 9290.500      0.9364     0.9716
 9290.600      0.9324     0.9717
 9290.700      0.9204     0.9719
 9290.800      0.8940     0.9720
 9290.900      0.8788     0.9722
 9291.000      0.8743     0.9727
 9291.100      0.8737     0.9732
 9291.200      0.8616     0.9735
 9291.300      0.8453     0.9737
 9291.400      0.8550     0.9738
 9291.500      0.8933     0.9738
 9291.600      0.9405     0.9739
 9291.700      0.9757     0.9739
 9291.800      0.9956     0.9738
 9291.900      0.9955     0.9735
 9292.000      0.9758     0.9733
 9292.100      0.9203     0.9735
 9292.200      0.8462     0.9740
 9292.300      0.8191     0.9744
 9292.400      0.8559     0.9747
 9292.500      0.9284     0.9748
 9292.600      0.9817     0.9749
 9292.700      1.0104     0.9750
 9292.800      1.0191     0.9751
 9292.900      1.0201     0.9751
 9293.000      1.0136     0.9752
 9293.100      1.0015     0.9753
 9293.200      0.9883     0.9754
 9293.300      0.9736     0.9755
 9293.400      0.9550     0.9754
 9293.500      0.8888     0.9754
 9293.600      0.7891     0.9755
 9293.700      0.6807     0.9757
 9293.800      0.6383     0.9759
 9293.900      0.6918     0.9760
 9294.000      0.8026     0.9761
 9294.100      0.8981     0.9760
 9294.200      0.9599     0.9759
 9294.300      0.9867     0.9757
 9294.400      0.9979     0.9751
 9294.500      1.0037     0.9747
 9294.600      1.0083     0.9749
 9294.700      1.0075     0.9757
 9294.800      0.9944     0.9765
 9294.900      0.9590     0.9769
 9295.000      0.9246     0.9770
 9295.100      0.8988     0.9771
 9295.200      0.8939     0.9772
 9295.300      0.8752     0.9772
 9295.400      0.8204     0.9772
 9295.500      0.7556     0.9773
 9295.600      0.7182     0.9774
 9295.700      0.7668     0.9775
 9295.800      0.8465     0.9776
 9295.900      0.9216     0.9777
 9296.000      0.9610     0.9777
 9296.100      0.9785     0.9778
 9296.200      0.9854     0.9777
 9296.300      0.9866     0.9774
 9296.400      0.9781     0.9772
 9296.500      0.9550     0.9769
 9296.600      0.9096     0.9756
 9296.700      0.8179     0.9722
 9296.800      0.7099     0.9670
 9296.900      0.6450     0.9623
 9297.000      0.6483     0.9561
 9297.100      0.6816     0.9429
 9297.200      0.6991     0.9269
 9297.300      0.6647     0.9240
 9297.400      0.5937     0.9396
 9297.500      0.5317     0.9601
 9297.600      0.5080     0.9728
 9297.700      0.5607     0.9775
 9297.800      0.6835     0.9787
 9297.900      0.8066     0.9789
 9298.000      0.9087     0.9791
 9298.100      0.9666     0.9791
 9298.200      0.9960     0.9792
 9298.300      1.0102     0.9792
 9298.400      1.0123     0.9792
 9298.500      1.0125     0.9791
 9298.600      1.0123     0.9790
 9298.700      0.9976     0.9791
 9298.800      0.9793     0.9793
 9298.900      0.9756     0.9795
 9299.000      0.9903     0.9796
 9299.100      1.0087     0.9797
 9299.200      1.0116     0.9798
 9299.300      1.0004     0.9798
 9299.400      0.9722     0.9799
 9299.500      0.9249     0.9800
 9299.600      0.8880     0.9801
 9299.700      0.8596     0.9802
 9299.800      0.8103     0.9803
 9299.900      0.7117     0.9804
 9300.000      0.5828     0.9805
 9300.100      0.4870     0.9806
 9300.200      0.4513     0.9807
 9300.300      0.4808     0.9808
 9300.400      0.5484     0.9808
 9300.500      0.6145     0.9809
 9300.600      0.6753     0.9809
 9300.700      0.7440     0.9809
 9300.800      0.8126     0.9809
 9300.900      0.8706     0.9810
 9301.000      0.9011     0.9811
 9301.100      0.9297     0.9812
 9301.200      0.9784     0.9813
 9301.300      1.0297     0.9813
 9301.400      1.0785     0.9814
 9301.500      1.1272     1.0000
 9301.600      1.1760     1.0000
 9301.700      1.2247     1.0000
 9301.800      1.2734     1.0000
 9301.900      1.3222     1.0000
 9302.000      1.3709     1.0000
